201 1 4
201 111 4
201 268 4
201 283 5
201 291 5
201 305 5
201 331 5
201 740 5
202 259 4
202 292 3
202 682 4
202 872 3
202 877 3
202 880 3
202 887 3
202 895 4
202 948 3
203 7 3
203 9 2
203 100 3
203 106 2
203 111 2
203 117 3
203 118 2
203 121 3
203 123 2
203 129 2
203 148 2
203 181 3
203 222 3
203 235 2
203 274 2
203 276 2
203 284 2
203 291 2
203 370 2
203 410 2
203 471 2
203 472 2
203 515 2
203 546 2
203 597 2
203 685 2
203 748 2
203 845 2
203 864 2
203 866 2
203 925 2
203 928 2
204 22 4
204 66 4
204 243 4
204 245 4
204 258 4
204 259 4
204 269 4
204 270 4
204 289 4
204 300 4
204 307 4
204 310 4
204 313 4
204 323 4
204 327 4
204 331 4
204 333 4
204 342 4
204 343 4
204 348 4
204 678 4
204 683 4
204 687 4
204 689 4
204 690 4
204 748 4
204 754 4
204 879 4
204 892 4
204 901 4
205 2 2
205 5 2
205 8 2
205 11 2
205 12 2
205 22 2
205 23 1
205 28 2
205 29 2
205 30 2
205 31 2
205 32 1
205 33 2
205 37 1
205 38 2
205 39 2
205 40 1
205 41 2
205 42 2
205 43 2
205 45 2
205 47 2
205 48 2
205 49 2
205 50 2
205 51 2
205 52 2
205 53 2
205 55 2
205 56 2
205 57 2
205 58 2
205 60 1
205 61 1
205 62 2
205 63 2
205 64 2
205 66 2
205 67 2
205 68 2
205 70 2
205 71 2
205 72 2
205 73 2
205 75 1
205 76 2
205 77 2
205 78 1
205 80 2
205 81 2
205 82 2
205 83 2
205 85 2
205 87 2
205 88 2
205 90 2
205 91 2
205 92 2
205 94 2
205 96 2
205 97 2
205 98 2
205 101 2
205 102 2
205 127 2
205 132 2
205 135 2
205 139 2
205 141 2
205 142 2
205 149 2
205 161 2
205 168 2
205 169 1
205 172 2
205 173 2
205 175 1
205 178 2
205 179 2
205 180 2
205 183 2
205 184 2
205 185 2
205 186 2
205 188 2
205 189 1
205 190 2
205 191 2
205 192 2
205 193 2
205 195 2
205 197 2
205 198 2
205 199 2
205 200 2
205 202 2
205 204 3
205 206 2
205 207 2
205 208 2
205 210 2
205 211 2
205 212 2
205 214 2
205 215 2
205 216 2
205 217 2
205 218 2
205 219 2
205 226 2
205 227 2
205 228 2
205 229 2
205 230 2
205 231 2
205 232 2
205 233 2
205 234 2
205 238 2
205 239 2
205 265 2
205 288 2
205 302 2
205 308 2
205 317 2
205 318 2
205 347 2
205 350 2
205 351 2
205 356 2
205 361 2
205 364 2
205 365 2
205 366 2
205 367 2
205 371 1
205 374 2
205 376 2
205 377 2
205 379 2
205 383 2
205 384 2
205 386 2
205 387 2
205 388 2
205 391 2
205 393 2
205 395 2
205 396 1
205 397 2
205 399 2
205 400 1
205 402 2
205 403 2
205 404 2
205 414 2
205 415 2
205 416 2
205 417 2
205 419 2
205 420 2
205 421 2
205 422 2
205 423 3
205 426 2
205 427 2
205 430 2
205 431 2
205 433 2
205 434 2
205 437 2
205 438 1
205 439 2
205 440 2
205 441 1
205 442 2
205 444 2
205 446 2
205 447 2
205 448 2
205 449 2
205 450 2
205 451 2
205 452 2
205 453 2
205 461 1
205 462 2
205 463 1
205 464 2
205 465 2
205 467 2
205 469 2
205 470 2
205 480 2
205 482 2
205 501 2
205 504 2
205 509 2
205 510 2
205 511 2
205 514 2
205 515 2
205 516 2
205 517 2
205 518 1
205 519 2
205 520 2
205 521 1
205 522 1
205 523 2
205 524 2
205 525 1
205 526 2
205 527 2
205 528 1
205 529 2
205 530 2
205 536 1
205 537 2
205 540 2
205 541 2
205 543 2
205 545 2
205 548 2
205 549 2
205 551 1
205 552 2
205 553 2
205 555 2
205 556 2
205 557 2
205 558 1
205 559 2
205 560 2
205 561 2
205 562 2
205 563 2
205 564 2
205 565 2
205 566 2
205 567 2
205 568 2
205 569 2
205 570 2
205 573 2
205 574 2
205 575 2
205 577 2
205 578 2
205 579 2
205 580 2
205 581 1
205 583 2
205 584 2
205 585 2
205 586 2
205 588 2
205 592 2
205 593 1
205 603 2
205 606 2
205 622 2
205 623 2
205 624 2
205 625 2
205 626 2
205 627 2
205 639 2
205 642 2
205 643 2
205 644 2
205 645 1
205 647 2
205 648 2
205 649 2
205 650 2
205 651 2
205 652 2
205 653 2
205 654 2
205 655 2
205 656 1
205 659 2
205 661 2
205 662 2
205 664 1
205 666 2
205 667 2
205 669 2
205 670 2
205 671 1
205 673 2
205 674 2
205 675 1
205 679 2
205 684 2
205 692 2
205 693 1
205 694 2
205 695 1
205 697 2
205 699 2
205 700 2
205 702 2
205 707 2
205 708 1
205 710 1
205 712 2
205 714 2
205 715 2
205 716 2
205 719 1
205 720 2
205 721 2
205 722 2
205 723 2
205 726 1
205 727 2
205 728 2
205 729 2
205 731 2
205 732 2
205 734 2
205 736 2
205 739 2
205 745 1
205 746 2
205 747 2
205 753 2
205 755 2
205 759 2
205 761 2
205 765 2
205 768 2
205 769 2
205 770 2
205 771 2
205 772 2
205 773 1
205 774 1
205 775 2
205 776 2
205 777 2
205 778 2
205 779 2
205 780 2
205 782 2
205 783 2
205 784 2
205 785 2
205 786 2
205 787 2
205 788 2
205 789 2
205 790 2
205 791 2
205 793 2
205 794 2
205 795 2
205 796 2
205 798 2
205 802 2
205 807 2
205 808 2
205 810 2
205 812 2
205 816 2
205 842 2
205 843 2
205 849 2
205 851 2
205 853 1
205 854 1
205 855 2
205 858 2
205 859 2
205 860 2
205 861 2
205 904 2
205 921 2
205 939 2
205 941 2
205 943 2
205 944 2
205 946 2
205 947 2
205 949 2
205 951 2
205 953 2
205 955 2
205 956 1
205 957 2
205 959 2
205 960 1
205 964 2
205 969 1
205 971 2
205 994 1
205 996 2
205 997 2
205 999 2
206 1 2
206 3 2
206 4 2
206 5 2
206 7 3
206 8 2
206 10 2
206 11 2
206 12 2
206 13 2
206 14 2
206 15 2
206 20 2
206 22 3
206 24 2
206 25 2
206 28 2
206 30 1
206 32 2
206 39 2
206 40 2
206 42 2
206 47 2
206 48 2
206 50 2
206 52 2
206 58 2
206 63 2
206 64 3
206 69 2
206 71 2
206 72 2
206 79 2
206 85 1
206 86 2
206 87 2
206 89 2
206 92 2
206 93 2
206 96 2
206 99 2
206 115 2
206 117 2
206 121 2
206 123 2
206 125 2
206 127 2
206 129 2
206 131 3
206 132 3
206 133 2
206 134 3
206 135 3
206 136 2
206 143 3
206 148 2
206 151 2
206 152 2
206 153 2
206 156 2
206 158 2
206 164 2
206 168 2
206 170 2
206 172 2
206 173 2
206 174 2
206 175 2
206 179 2
206 181 2
206 182 2
206 183 2
206 186 2
206 187 2
206 188 2
206 190 2
206 191 2
206 194 2
206 195 2
206 196 3
206 198 2
206 199 2
206 202 2
206 203 2
206 204 2
206 206 2
206 209 2
206 211 2
206 212 2
206 213 2
206 215 2
206 218 2
206 219 2
206 220 2
206 222 2
206 228 2
206 234 2
206 235 2
206 237 2
206 238 2
206 239 2
206 240 2
206 274 2
206 275 2
206 276 3
206 277 2
206 284 2
206 289 2
206 317 2
206 318 3
206 357 2
206 368 2
206 381 2
206 396 2
206 404 2
206 405 2
206 410 2
206 411 2
206 414 2
206 418 2
206 419 2
206 420 2
206 421 2
206 427 2
206 428 2
206 429 2
206 430 2
206 431 2
206 434 2
206 435 2
206 436 2
206 443 2
206 447 2
206 451 3
206 452 2
206 453 2
206 461 2
206 463 2
206 468 2
206 469 2
206 474 3
206 476 2
206 479 2
206 480 2
206 481 2
206 482 2
206 485 2
206 487 2
206 488 2
206 490 2
206 496 3
206 498 2
206 499 2
206 501 2
206 503 2
206 504 2
206 505 2
206 507 2
206 508 2
206 509 2
206 511 2
206 514 2
206 515 2
206 517 2
206 519 2
206 520 2
206 523 2
206 524 2
206 526 2
206 527 2
206 528 3
206 529 2
206 543 2
206 559 2
206 561 2
206 573 2
206 582 2
206 588 2
206 589 2
206 591 2
206 596 2
206 605 2
206 606 2
206 607 2
206 608 2
206 610 2
206 611 2
206 612 2
206 624 2
206 632 2
206 633 2
206 634 2
206 638 2
206 639 2
206 640 2
206 641 2
206 642 2
206 645 2
206 647 2
206 651 2
206 652 2
206 655 3
206 662 2
206 663 2
206 664 2
206 665 2
206 672 2
206 675 2
206 692 2
206 693 2
206 699 2
206 701 2
206 705 2
206 712 2
206 713 2
206 715 2
206 727 2
206 732 2
206 735 2
206 737 2
206 745 1
206 746 2
206 747 2
206 756 2
206 772 2
206 787 2
206 813 2
206 823 2
206 825 2
206 826 2
206 831 2
206 845 2
206 919 2
206 921 2
206 923 2
206 942 2
206 960 2
206 962 2
207 1 3
207 2 3
207 4 3
207 8 3
207 25 3
207 28 3
207 29 3
207 40 3
207 45 3
207 50 4
207 56 3
207 62 3
207 68 3
207 69 3
207 70 3
207 82 3
207 88 2
207 89 3
207 91 3
207 96 3
207 97 3
207 98 3
207 99 3
207 100 4
207 117 3
207 118 3
207 123 3
207 127 3
207 132 3
207 135 3
207 143 3
207 144 3
207 147 3
207 157 3
207 158 3
207 159 3
207 161 3
207 163 3
207 172 3
207 173 3
207 174 3
207 177 3
207 179 3
207 180 3
207 181 3
207 182 3
207 183 3
207 185 3
207 186 3
207 188 3
207 193 3
207 194 3
207 196 3
207 197 3
207 200 3
207 201 3
207 202 3
207 203 3
207 205 3
207 208 3
207 209 3
207 211 3
207 214 3
207 215 3
207 216 3
207 217 3
207 218 3
207 222 3
207 223 3
207 226 3
207 227 3
207 228 3
207 229 3
207 230 3
207 231 3
207 232 3
207 235 3
207 238 3
207 239 3
207 244 3
207 248 3
207 249 3
207 250 3
207 255 3
207 257 3
207 265 3
207 269 3
207 274 3
207 286 3
207 289 3
207 290 3
207 291 3
207 313 3
207 316 3
207 345 3
207 357 3
207 371 3
207 382 3
207 385 3
207 393 3
207 399 3
207 400 3
207 405 3
207 416 3
207 418 3
207 423 3
207 427 3
207 428 3
207 432 3
207 433 3
207 436 3
207 447 3
207 448 3
207 449 3
207 455 3
207 466 3
207 476 3
207 478 2
207 479 3
207 483 3
207 484 3
207 493 3
207 496 3
207 502 3
207 508 3
207 510 3
207 514 2
207 519 3
207 521 3
207 525 2
207 559 3
207 561 3
207 565 3
207 588 3
207 603 3
207 616 3
207 629 3
207 635 3
207 642 3
207 648 3
207 656 3
207 657 3
207 660 2
207 675 3
207 684 3
207 705 3
207 710 3
207 712 3
207 715 3
207 729 2
207 732 3
207 746 3
207 755 3
207 756 3
207 785 3
207 844 3
207 859 3
207 869 3
207 879 3
207 949 3
207 969 3
207 972 2
207 993 3
208 270 5
208 271 5
208 286 5
208 294 5
208 300 4
208 313 5
208 315 5
208 319 5
208 328 5
208 347 5
208 358 5
208 539 5
208 683 5
208 689 5
208 748 5
209 6 4
209 8 4
209 9 4
209 12 4
209 14 4
209 22 4
209 23 4
209 28 4
209 30 4
209 48 4
209 50 5
209 58 4
209 59 5
209 60 4
209 65 4
209 87 4
209 97 4
209 98 4
209 99 4
209 100 4
209 133 4
209 135 4
209 153 5
209 154 5
209 156 4
209 162 4
209 166 4
209 168 5
209 170 4
209 172 5
209 173 5
209 174 5
209 175 5
209 179 5
209 181 4
209 186 4
209 191 4
209 192 4
209 195 5
209 197 4
209 199 4
209 200 5
209 201 4
209 202 4
209 203 4
209 204 4
209 205 4
209 207 4
209 209 5
209 210 4
209 213 4
209 214 4
209 216 4
209 223 5
209 264 4
209 266 4
209 270 4
209 275 4
209 276 4
209 283 4
209 285 4
209 286 4
209 288 5
209 300 4
209 303 4
209 318 4
209 321 4
209 322 4
209 325 4
209 327 4
209 339 4
209 343 4
209 357 4
209 367 4
209 381 4
209 382 5
209 404 4
209 427 4
209 428 4
209 429 5
209 430 4
209 433 5
209 435 4
209 461 4
209 478 4
209 479 4
209 480 4
209 481 4
209 482 4
209 483 4
209 485 4
209 486 4
209 489 4
209 491 4
209 493 4
209 496 4
209 497 4
209 498 4
209 504 4
209 505 4
209 514 4
209 516 4
209 518 4
209 520 4
209 523 4
209 526 4
209 527 4
209 528 4
209 530 4
209 604 4
209 606 4
209 607 4
209 608 4
209 609 4
209 615 4
209 618 4
209 631 4
209 633 4
209 647 4
209 654 4
209 659 4
209 661 4
209 664 4
209 676 4
209 680 4
209 684 4
209 708 4
209 709 4
209 714 4
209 733 4
209 749 4
209 855 4
209 877 4
209 879 4
209 937 4
209 945 4
209 965 4
209 995 4
210 258 2
210 269 2
210 286 2
210 289 2
210 300 2
210 311 1
210 312 2
210 313 2
210 315 2
210 316 2
210 323 2
210 328 1
210 340 2
210 354 2
210 690 1
210 754 2
210 873 1
210 898 1
210 905 1
211 1 3
211 4 2
211 9 2
211 22 2
211 38 2
211 56 3
211 73 2
211 88 2
211 117 3
211 161 2
211 168 2
211 172 3
211 181 3
211 186 2
211 195 3
211 196 2
211 208 2
211 209 2
211 210 3
211 222 3
211 227 2
211 228 3
211 229 2
211 230 2
211 258 3
211 265 2
211 276 2
211 318 2
211 405 3
211 435 2
211 449 2
211 451 2
211 485 2
211 527 2
211 566 2
211 568 2
211 651 2
211 655 2
211 709 2
211 720 2
211 732 2
211 770 2
212 4 3
212 7 3
212 23 3
212 24 3
212 28 3
212 56 4
212 64 3
212 70 3
212 81 3
212 92 3
212 96 3
212 150 3
212 154 3
212 172 3
212 173 3
212 175 3
212 182 3
212 186 2
212 193 3
212 206 2
212 211 3
212 218 3
212 276 3
212 288 3
212 318 3
212 340 3
212 408 3
212 427 3
212 436 3
212 480 3
212 487 3
212 508 3
212 526 3
212 634 2
212 651 3
212 684 3
212 724 3
213 7 3
213 9 3
213 15 3
213 50 3
213 124 3
213 181 3
213 222 3
213 236 3
213 245 3
213 255 3
213 257 3
213 258 3
213 260 3
213 269 4
213 271 3
213 275 4
213 286 4
213 297 3
213 300 3
213 301 3
213 302 3
213 303 3
213 306 3
213 326 3
213 328 3
213 332 3
213 471 3
213 508 3
213 628 3
213 690 3
213 877 3
213 936 3
214 100 4
214 258 4
214 260 4
214 294 4
214 300 4
214 301 4
214 302 4
214 325 4
214 340 4
214 343 4
214 678 3
214 748 4
215 56 4
215 185 4
215 195 4
215 243 4
215 269 4
215 322 4
215 323 4
215 328 4
215 432 4
215 531 4
215 748 4
215 754 4
216 1 4
216 2 4
216 7 4
216 8 4
216 9 4
216 10 4
216 11 4
216 12 4
216 13 3
216 14 4
216 21 4
216 22 4
216 24 4
216 25 4
216 27 4
216 28 4
216 29 4
216 31 4
216 32 4
216 36 4
216 38 4
216 41 4
216 42 4
216 43 4
216 44 4
216 49 4
216 50 4
216 51 4
216 53 4
216 54 4
216 55 4
216 56 4
216 58 4
216 64 4
216 65 4
216 66 4
216 67 4
216 69 4
216 70 4
216 71 4
216 73 4
216 77 4
216 81 4
216 82 4
216 83 4
216 85 4
216 86 4
216 87 4
216 88 4
216 90 4
216 92 4
216 93 4
216 94 4
216 97 4
216 98 4
216 99 4
216 105 4
216 106 4
216 107 4
216 117 4
216 121 4
216 123 4
216 125 4
216 126 4
216 127 4
216 132 4
216 133 4
216 134 4
216 136 4
216 137 4
216 140 4
216 142 4
216 143 4
216 144 4
216 148 4
216 154 4
216 155 4
216 156 4
216 157 4
216 158 4
216 159 4
216 161 4
216 168 4
216 172 4
216 174 4
216 176 4
216 178 3
216 181 5
216 182 4
216 183 4
216 185 4
216 187 4
216 191 4
216 194 3
216 195 4
216 196 4
216 197 3
216 199 4
216 200 4
216 202 4
216 203 4
216 204 4
216 209 4
216 210 4
216 211 4
216 213 4
216 215 4
216 216 4
216 217 4
216 219 4
216 220 4
216 225 4
216 226 4
216 230 4
216 234 4
216 237 4
216 238 4
216 239 4
216 240 4
216 241 4
216 242 4
216 245 4
216 246 4
216 248 4
216 249 4
216 250 4
216 251 4
216 252 4
216 253 4
216 254 4
216 257 4
216 258 4
216 259 4
216 264 4
216 266 4
216 268 4
216 272 4
216 274 4
216 275 4
216 276 4
216 277 4
216 281 4
216 283 4
216 284 4
216 285 4
216 286 4
216 287 4
216 288 4
216 289 4
216 294 4
216 295 4
216 297 4
216 298 4
216 301 4
216 304 4
216 307 4
216 312 4
216 313 4
216 315 4
216 316 4
216 317 4
216 318 4
216 319 4
216 322 4
216 323 4
216 326 4
216 327 4
216 328 4
216 329 4
216 331 4
216 332 4
216 333 4
216 338 4
216 339 4
216 346 4
216 347 4
216 348 4
216 354 4
216 356 4
216 357 3
216 364 4
216 366 4
216 367 4
216 369 4
216 375 4
216 378 4
216 385 4
216 388 4
216 393 4
216 395 4
216 396 4
216 399 4
216 401 4
216 402 4
216 403 4
216 404 4
216 405 4
216 411 4
216 412 4
216 417 4
216 418 4
216 419 4
216 423 4
216 425 4
216 427 4
216 431 4
216 432 4
216 433 4
216 443 4
216 448 4
216 451 4
216 452 4
216 462 3
216 463 4
216 468 4
216 469 4
216 471 4
216 472 4
216 473 4
216 475 4
216 476 4
216 479 3
216 480 3
216 496 4
216 498 3
216 500 4
216 501 4
216 506 4
216 509 3
216 515 4
216 526 4
216 531 4
216 532 4
216 538 4
216 546 4
216 549 4
216 553 4
216 554 4
216 559 4
216 560 4
216 564 4
216 568 4
216 576 4
216 578 4
216 585 4
216 588 4
216 591 4
216 592 4
216 607 4
216 614 4
216 619 4
216 625 4
216 627 4
216 628 4
216 633 4
216 651 4
216 652 4
216 657 3
216 658 4
216 660 4
216 662 4
216 676 4
216 678 4
216 682 4
216 684 4
216 685 4
216 686 4
216 689 4
216 690 4
216 693 4
216 696 4
216 699 4
216 707 4
216 708 4
216 710 4
216 712 4
216 713 4
216 717 4
216 720 4
216 721 4
216 723 4
216 724 4
216 729 4
216 734 4
216 735 4
216 737 4
216 738 4
216 739 4
216 746 4
216 747 4
216 748 4
216 750 4
216 754 4
216 755 4
216 761 4
216 762 4
216 768 4
216 770 4
216 775 4
216 778 4
216 781 4
216 783 4
216 785 4
216 790 4
216 792 4
216 794 4
216 795 4
216 803 4
216 807 4
216 812 4
216 815 4
216 819 4
216 821 4
216 824 4
216 827 4
216 833 4
216 834 4
216 840 4
216 842 4
216 843 4
216 845 4
216 849 4
216 864 4
216 866 4
216 873 4
216 874 4
216 879 4
216 895 4
216 915 4
216 916 4
216 917 4
216 918 4
216 928 4
216 929 4
216 931 4
216 934 4
216 936 4
216 937 4
216 938 4
216 941 4
216 955 4
216 959 4
216 966 4
216 972 4
216 975 4
216 980 4
216 985 4
216 990 4
216 997 4
217 1 4
217 3 3
217 5 3
217 7 4
217 11 4
217 12 3
217 13 3
217 15 4
217 16 3
217 17 3
217 20 3
217 23 4
217 27 3
217 29 3
217 32 3
217 39 3
217 42 3
217 44 3
217 47 3
217 50 3
217 51 3
217 55 3
217 56 3
217 58 4
217 62 3
217 63 3
217 64 4
217 65 3
217 67 3
217 68 3
217 69 3
217 70 3
217 72 3
217 73 3
217 77 3
217 78 3
217 79 3
217 80 3
217 81 4
217 82 3
217 83 3
217 89 3
217 91 3
217 95 3
217 96 3
217 97 4
217 98 3
217 99 3
217 100 4
217 101 3
217 106 3
217 109 3
217 118 3
217 120 3
217 122 3
217 123 3
217 125 3
217 127 4
217 131 4
217 132 3
217 135 4
217 139 3
217 142 3
217 144 3
217 145 3
217 147 3
217 154 4
217 157 4
217 159 3
217 162 4
217 164 4
217 167 3
217 168 3
217 169 3
217 171 3
217 172 3
217 173 3
217 174 3
217 176 3
217 178 4
217 179 4
217 181 3
217 182 3
217 183 4
217 184 3
217 186 3
217 190 4
217 195 3
217 196 3
217 198 4
217 200 4
217 201 3
217 202 3
217 206 3
217 207 3
217 208 4
217 214 4
217 216 4
217 217 3
217 218 4
217 219 3
217 222 3
217 223 4
217 226 3
217 228 4
217 232 3
217 234 3
217 235 3
217 242 3
217 245 4
217 246 3
217 248 4
217 250 3
217 252 3
217 255 3
217 257 4
217 258 4
217 260 4
217 264 3
217 265 3
217 270 3
217 273 4
217 286 4
217 288 4
217 290 3
217 293 3
217 294 3
217 298 3
217 323 4
217 324 3
217 325 3
217 326 3
217 340 3
217 357 3
217 358 3
217 364 3
217 367 4
217 373 3
217 380 3
217 382 4
217 385 3
217 386 3
217 388 3
217 391 3
217 392 3
217 393 3
217 395 3
217 396 3
217 399 3
217 402 3
217 403 3
217 404 3
217 413 3
217 419 4
217 420 3
217 421 3
217 422 3
217 423 3
217 425 4
217 428 3
217 431 3
217 433 3
217 436 3
217 441 3
217 444 3
217 447 4
217 449 4
217 451 3
217 452 3
217 461 3
217 465 3
217 472 3
217 474 3
217 475 4
217 483 3
217 484 3
217 485 4
217 498 3
217 501 3
217 508 3
217 513 3
217 518 4
217 541 3
217 544 3
217 545 3
217 546 3
217 551 3
217 552 3
217 555 3
217 559 3
217 561 3
217 562 3
217 563 3
217 574 3
217 578 3
217 579 3
217 582 3
217 596 3
217 597 3
217 614 3
217 616 3
217 625 3
217 628 4
217 631 4
217 636 3
217 638 3
217 640 4
217 642 4
217 655 3
217 658 3
217 665 3
217 668 3
217 669 3
217 674 3
217 679 4
217 684 3
217 685 3
217 692 4
217 708 3
217 709 4
217 710 3
217 715 3
217 723 3
217 725 3
217 727 4
217 728 3
217 732 3
217 742 3
217 746 3
217 747 3
217 748 4
217 758 3
217 762 3
217 764 4
217 765 3
217 767 3
217 769 3
217 774 3
217 778 3
217 781 4
217 783 4
217 792 4
217 796 3
217 797 3
217 800 3
217 804 3
217 809 3
217 810 3
217 815 3
217 825 4
217 827 3
217 831 3
217 849 3
217 855 3
217 871 4
217 895 3
217 923 4
217 928 4
217 940 3
217 943 3
217 944 3
217 946 3
217 963 4
217 979 3
217 999 3
217 1000 3
218 258 3
218 269 3
218 288 3
218 301 3
218 302 2
218 313 3
218 327 2
218 328 3
218 331 3
218 362 3
218 750 2
218 895 3
218 899 3
219 50 5
219 79 5
219 89 4
219 100 5
219 173 4
219 181 5
219 223 4
219 257 5
219 275 4
219 286 5
219 405 4
219 478 4
219 488 4
219 615 4
219 617 4
219 705 4
220 19 3
220 86 3
220 100 4
220 116 3
220 137 3
220 251 3
220 275 3
220 283 3
220 302 3
220 319 3
220 331 3
220 408 3
220 475 3
220 478 3
220 508 3
220 513 3
220 603 3
220 750 3
220 753 3
221 4 5
221 7 5
221 11 5
221 12 5
221 50 5
221 56 5
221 82 5
221 87 5
221 89 4
221 96 5
221 100 5
221 117 5
221 124 5
221 127 5
221 129 5
221 144 5
221 156 5
221 164 5
221 172 5
221 174 5
221 175 4
221 176 5
221 182 5
221 183 5
221 185 5
221 194 5
221 200 5
221 213 5
221 218 5
221 219 5
221 238 5
221 302 5
221 333 5
221 443 5
221 448 5
221 466 5
221 516 5
221 517 5
221 653 5
221 657 5
221 672 5
221 709 5
221 879 5
221 914 5
221 915 5
222 1 3
222 15 2
222 50 3
222 53 3
222 98 3
222 100 3
222 109 3
222 117 3
222 124 3
222 126 3
222 127 2
222 129 3
222 137 3
222 151 3
222 181 3
222 184 2
222 200 3
222 201 2
222 217 3
222 219 2
222 222 3
222 235 3
222 250 3
222 257 3
222 258 3
222 260 2
222 270 3
222 273 2
222 276 3
222 286 3
222 287 2
222 288 3
222 293 2
222 294 3
222 299 3
222 307 3
222 324 3
222 326 2
222 327 2
222 334 3
222 370 2
222 379 2
222 396 2
222 410 3
222 436 2
222 447 2
222 448 2
222 452 2
222 458 3
222 475 3
222 477 2
222 515 2
222 551 2
222 558 2
222 559 2
222 561 2
222 590 2
222 665 2
222 670 2
222 671 2
222 672 2
222 682 2
222 742 3
222 760 2
222 854 2
222 867 2
222 919 2
222 922 2
222 926 2
223 9 4
223 15 3
223 127 3
223 148 3
223 237 3
223 245 3
223 258 3
223 269 4
223 272 4
223 276 3
223 282 3
223 286 3
223 299 3
223 300 3
223 304 3
223 307 3
223 310 3
223 313 3
223 315 3
223 322 3
223 323 3
223 326 3
223 327 4
223 328 3
223 329 3
223 333 3
223 340 4
223 344 3
223 347 3
223 355 3
223 471 3
223 546 3
223 591 3
223 628 3
223 678 3
223 689 3
223 696 3
223 744 3
223 748 3
223 750 3
223 754 3
223 823 3
223 879 3
223 898 3
223 924 3
223 977 3
224 1 5
224 14 4
224 15 5
224 25 4
224 50 4
224 100 4
224 115 4
224 127 4
224 151 4
224 172 4
224 243 4
224 261 4
224 275 4
224 288 4
224 289 4
224 310 4
224 323 4
224 333 4
224 427 4
224 508 4
224 538 4
224 681 4
224 683 4
224 689 4
224 882 4
225 1 2
225 2 1
225 7 2
225 17 1
225 22 2
225 24 1
225 32 2
225 38 1
225 39 1
225 53 1
225 55 2
225 62 1
225 68 1
225 79 2
225 82 1
225 83 2
225 98 2
225 100 2
225 117 2
225 118 1
225 121 2
225 124 2
225 127 2
225 144 2
225 147 1
225 156 2
225 168 2
225 171 1
225 172 2
225 174 2
225 176 2
225 177 2
225 178 2
225 180 2
225 183 2
225 185 2
225 187 2
225 188 1
225 191 2
225 195 2
225 198 1
225 200 2
225 201 1
225 204 2
225 207 1
225 209 2
225 210 2
225 218 1
225 222 2
225 227 1
225 229 2
225 230 2
225 231 1
225 232 1
225 234 2
225 241 2
225 244 1
225 250 1
225 252 1
225 257 1
225 259 1
225 271 1
225 272 1
225 273 2
225 281 1
225 286 2
225 288 2
225 298 1
225 302 2
225 305 1
225 307 1
225 310 1
225 313 1
225 316 1
225 318 2
225 322 1
225 323 1
225 324 1
225 325 1
225 327 1
225 333 1
225 338 1
225 340 1
225 343 1
225 346 1
225 355 1
225 357 2
225 358 1
225 362 1
225 363 1
225 379 1
225 385 2
225 398 1
225 424 1
225 429 1
225 445 1
225 447 2
225 448 1
225 452 1
225 474 2
225 475 2
225 491 1
225 515 1
225 520 1
225 522 1
225 529 1
225 538 1
225 540 1
225 550 1
225 562 1
225 566 1
225 568 2
225 573 1
225 576 1
225 583 1
225 590 1
225 597 1
225 636 1
225 669 1
225 670 1
225 675 1
225 678 1
225 679 1
225 686 1
225 690 1
225 748 1
225 750 1
225 751 1
225 759 1
225 823 1
225 825 1
225 831 1
225 841 1
225 853 1
225 877 1
225 879 1
225 895 1
225 912 1
225 943 1
225 976 1
226 23 3
226 50 4
226 98 4
226 99 4
226 133 4
226 134 4
226 135 4
226 168 4
226 174 4
226 178 4
226 182 4
226 185 4
226 191 4
226 196 4
226 197 4
226 199 4
226 200 4
226 204 4
226 208 4
226 211 4
226 318 4
226 418 4
226 427 4
226 428 4
226 430 4
226 432 4
226 435 4
226 474 4
226 478 4
226 480 4
226 483 4
226 486 4
226 488 4
226 490 4
226 491 4
226 492 4
226 493 4
226 494 4
226 504 4
226 505 4
226 510 4
226 511 4
226 524 4
226 525 4
226 526 4
226 601 4
226 603 4
226 605 4
226 606 4
226 607 4
226 608 4
226 610 4
226 613 4
226 614 4
226 616 4
226 631 4
226 633 4
226 646 4
226 648 4
226 651 3
226 653 4
226 654 4
226 655 4
226 657 4
226 673 4
226 705 4
226 754 4
226 835 4
226 836 4
226 848 4
227 245 5
227 258 5
227 263 5
227 286 5
227 292 5
227 300 5
227 302 5
227 303 5
227 304 5
227 319 5
227 332 5
227 341 5
227 359 5
227 680 5
227 681 5
227 682 5
227 688 5
227 874 5
228 243 3
228 259 3
228 268 3
228 271 3
228 272 3
228 286 3
228 289 3
228 294 3
228 300 3
228 301 3
228 305 3
228 307 3
228 312 3
228 313 3
228 322 3
228 323 3
228 326 3
228 329 3
228 332 3
228 334 3
228 338 3
228 344 3
228 350 3
228 538 3
228 690 3
228 750 3
228 875 3
228 877 3
228 879 3
228 886 3
228 896 3
228 908 3
228 988 3
229 1 3
229 2 4
229 3 4
229 4 4
229 7 3
229 8 3
229 12 3
229 15 4
229 21 4
229 22 4
229 23 4
229 24 4
229 26 4
229 28 4
229 31 4
229 32 4
229 45 4
229 47 4
229 48 4
229 50 3
229 52 4
229 53 4
229 55 4
229 56 3
229 58 4
229 62 4
229 63 4
229 64 4
229 66 4
229 68 4
229 69 4
229 70 3
229 72 3
229 73 4
229 77 4
229 79 4
229 81 4
229 82 4
229 83 3
229 85 4
229 86 4
229 87 4
229 88 3
229 89 4
229 90 4
229 91 3
229 92 4
229 93 4
229 95 4
229 96 4
229 97 4
229 101 4
229 109 4
229 114 4
229 117 4
229 118 4
229 123 4
229 124 4
229 127 4
229 128 4
229 132 4
229 133 4
229 134 4
229 137 4
229 140 4
229 141 4
229 143 3
229 144 4
229 150 4
229 151 4
229 153 4
229 154 4
229 157 4
229 159 4
229 161 4
229 162 4
229 163 4
229 164 3
229 165 4
229 166 4
229 168 4
229 170 4
229 172 4
229 174 4
229 178 4
229 179 3
229 181 3
229 183 3
229 184 4
229 185 3
229 186 4
229 188 4
229 190 4
229 191 4
229 193 3
229 195 4
229 197 4
229 201 4
229 202 3
229 203 4
229 207 4
229 208 4
229 209 4
229 210 3
229 211 4
229 214 4
229 216 3
229 218 4
229 219 4
229 223 3
229 225 4
229 229 4
229 232 4
229 233 4
229 237 3
229 238 4
229 248 4
229 249 4
229 250 4
229 258 3
229 264 4
229 265 4
229 273 4
229 274 3
229 275 4
229 276 4
229 277 4
229 280 4
229 281 4
229 282 4
229 283 4
229 288 3
229 290 4
229 291 4
229 298 4
229 301 4
229 318 3
229 319 4
229 321 4
229 340 4
229 356 4
229 365 4
229 366 4
229 367 4
229 371 4
229 378 4
229 385 4
229 387 4
229 392 4
229 393 4
229 403 4
229 404 4
229 405 3
229 410 4
229 411 4
229 415 4
229 418 4
229 419 3
229 423 3
229 427 4
229 428 4
229 431 4
229 432 4
229 433 4
229 435 4
229 436 4
229 441 4
229 448 4
229 455 4
229 457 4
229 464 4
229 466 4
229 467 4
229 468 4
229 470 3
229 473 4
229 475 4
229 480 4
229 481 4
229 482 4
229 483 4
229 484 4
229 485 4
229 491 4
229 493 4
229 495 4
229 496 4
229 499 4
229 500 4
229 502 4
229 504 4
229 505 4
229 508 4
229 511 4
229 514 4
229 520 4
229 527 4
229 531 4
229 535 4
229 537 4
229 546 3
229 549 4
229 550 4
229 566 4
229 568 3
229 569 4
229 570 4
229 578 4
229 581 4
229 584 4
229 591 4
229 602 4
229 603 3
229 611 4
229 625 4
229 627 4
229 628 4
229 629 4
229 631 4
229 633 4
229 635 4
229 636 4
229 640 4
229 642 4
229 652 3
229 654 4
229 655 4
229 658 4
229 662 4
229 665 4
229 671 4
229 672 4
229 673 4
229 679 4
229 684 4
229 692 4
229 693 4
229 700 4
229 702 4
229 705 4
229 708 4
229 709 4
229 710 4
229 726 4
229 729 4
229 732 3
229 735 4
229 742 3
229 744 4
229 747 4
229 755 4
229 756 4
229 761 4
229 762 4
229 763 4
229 768 4
229 780 4
229 794 4
229 804 4
229 805 4
229 806 4
229 820 4
229 826 4
229 833 4
229 845 4
229 847 4
229 921 4
229 928 4
229 941 4
229 944 4
229 961 4
229 967 4
229 972 4
230 9 3
230 10 3
230 12 4
230 19 3
230 42 3
230 50 4
230 56 4
230 98 4
230 100 3
230 101 3
230 117 3
230 129 3
230 137 3
230 152 3
230 164 3
230 165 3
230 181 3
230 221 3
230 222 3
230 234 4
230 237 3
230 248 3
230 253 3
230 258 3
230 264 3
230 273 3
230 276 3
230 286 3
230 288 3
230 293 3
230 294 3
230 300 2
230 302 3
230 318 3
230 328 3
230 436 3
230 514 3
230 515 3
230 527 3
230 528 3
230 547 3
230 628 3
230 674 3
231 286 4
231 307 4
231 322 4
231 323 4
231 327 4
231 358 4
231 538 4
231 690 4
231 748 5
231 879 4
231 988 4
232 1 4
232 7 3
232 24 3
232 50 3
232 93 3
232 100 3
232 108 2
232 109 3
232 111 3
232 117 3
232 118 3
232 121 3
232 123 3
232 151 3
232 181 3
232 222 3
232 246 3
232 248 3
232 249 2
232 250 3
232 257 3
232 258 3
232 274 3
232 276 3
232 284 3
232 294 3
232 295 3
232 300 3
232 315 3
232 322 2
232 405 3
232 410 3
232 411 2
232 471 3
232 508 3
232 546 3
232 620 2
232 628 3
232 678 2
232 742 3
232 763 3
232 815 3
232 844 2
232 845 3
233 59 2
233 60 1
233 95 2
233 173 2
233 174 2
233 194 2
233 246 2
233 268 2
233 269 2
233 273 2
233 276 2
233 293 2
233 302 2
233 303 1
233 322 2
233 323 2
233 326 1
233 333 2
233 340 2
233 435 2
233 474 2
233 507 2
233 657 2
233 682 1
233 690 1
233 748 2
233 754 1
233 919 1
234 9 4
234 111 4
234 121 4
234 125 4
234 147 4
234 148 4
234 151 4
234 225 4
234 274 5
234 275 4
234 283 4
234 287 4
234 288 4
234 347 4
234 369 4
234 406 4
234 471 4
234 476 4
234 546 4
234 628 4
234 756 4
234 763 4
234 815 4
234 819 4
234 833 4
234 844 4
234 928 4
234 975 4
235 1 3
235 3 4
235 4 4
235 5 4
235 7 3
235 9 3
235 11 4
235 12 3
235 15 3
235 21 4
235 22 4
235 23 4
235 24 4
235 25 4
235 27 4
235 28 4
235 31 4
235 38 4
235 40 4
235 42 4
235 45 4
235 49 4
235 50 3
235 52 4
235 54 4
235 62 4
235 63 4
235 64 3
235 67 4
235 68 4
235 69 4
235 71 4
235 72 4
235 73 4
235 80 4
235 82 4
235 83 4
235 85 4
235 86 4
235 89 3
235 95 4
235 96 3
235 100 3
235 105 4
235 108 4
235 109 4
235 111 4
235 115 4
235 117 4
235 118 4
235 121 4
235 122 4
235 123 4
235 125 4
235 128 4
235 132 3
235 135 3
235 136 4
235 141 4
235 148 4
235 151 3
235 152 4
235 153 3
235 154 4
235 156 3
235 157 4
235 159 3
235 160 4
235 161 4
235 162 4
235 163 4
235 164 3
235 167 4
235 168 3
235 171 3
235 172 3
235 173 3
235 174 4
235 175 3
235 176 3
235 182 4
235 183 3
235 184 4
235 185 3
235 186 4
235 187 4
235 188 4
235 190 4
235 191 4
235 195 3
235 196 3
235 199 4
235 200 4
235 204 4
235 206 4
235 211 3
235 214 4
235 215 4
235 216 3
235 217 4
235 218 4
235 219 4
235 222 3
235 225 4
235 226 4
235 227 3
235 228 3
235 229 3
235 230 3
235 234 4
235 239 4
235 240 4
235 245 4
235 246 4
235 250 3
235 252 4
235 254 4
235 255 4
235 257 3
235 258 4
235 260 4
235 264 4
235 273 3
235 284 4
235 290 4
235 291 4
235 294 4
235 299 4
235 300 4
235 307 4
235 313 4
235 317 3
235 318 3
235 321 4
235 327 4
235 331 4
235 338 4
235 343 4
235 351 4
235 354 4
235 357 3
235 358 4
235 367 4
235 369 4
235 376 4
235 380 3
235 381 4
235 382 4
235 384 4
235 385 4
235 386 4
235 392 4
235 393 4
235 394 4
235 399 4
235 402 4
235 403 4
235 404 4
235 410 4
235 411 4
235 413 4
235 423 3
235 424 4
235 431 4
235 433 3
235 434 4
235 435 4
235 436 4
235 443 4
235 447 4
235 448 4
235 451 4
235 455 5
235 462 4
235 465 4
235 470 4
235 473 4
235 474 3
235 476 4
235 520 4
235 541 4
235 542 4
235 546 4
235 550 4
235 554 4
235 561 4
235 566 4
235 567 4
235 568 4
235 569 4
235 571 4
235 572 4
235 573 4
235 576 4
235 577 4
235 578 4
235 584 4
235 587 4
235 588 4
235 597 4
235 616 4
235 625 4
235 628 4
235 631 4
235 637 4
235 640 4
235 649 4
235 652 4
235 655 3
235 659 4
235 665 4
235 672 4
235 673 4
235 675 4
235 679 4
235 684 4
235 693 4
235 696 4
235 697 4
235 710 4
235 713 3
235 715 4
235 717 4
235 720 4
235 729 4
235 732 4
235 743 4
235 746 4
235 748 4
235 751 4
235 752 4
235 756 4
235 760 4
235 762 4
235 780 4
235 781 3
235 786 4
235 790 4
235 792 4
235 797 4
235 800 4
235 820 4
235 821 4
235 825 4
235 826 4
235 831 4
235 834 4
235 841 4
235 845 4
235 862 4
235 885 4
235 890 4
235 895 4
235 924 4
235 926 4
235 928 4
235 929 4
235 943 4
235 944 4
235 961 4
235 977 4
235 983 4
236 21 3
236 23 3
236 26 3
236 38 3
236 39 3
236 43 3
236 47 3
236 65 3
236 66 3
236 72 3
236 73 3
236 83 3
236 90 3
236 92 3
236 95 3
236 96 3
236 98 3
236 102 3
236 111 3
236 125 3
236 132 3
236 133 3
236 157 3
236 159 3
236 161 3
236 168 3
236 172 3
236 174 3
236 179 3
236 186 3
236 200 3
236 204 3
236 215 3
236 216 3
236 217 3
236 218 3
236 219 3
236 226 3
236 238 3
236 265 3
236 276 3
236 287 3
236 288 3
236 313 3
236 325 3
236 327 3
236 340 3
236 347 3
236 367 3
236 381 3
236 392 3
236 400 3
236 411 3
236 433 3
236 447 3
236 454 3
236 503 3
236 504 3
236 506 3
236 537 3
236 546 3
236 553 3
236 559 3
236 568 3
236 581 3
236 585 3
236 595 3
236 628 3
236 642 3
236 649 3
236 655 3
236 658 3
236 660 3
236 708 3
236 710 3
236 715 3
236 721 3
236 723 3
236 739 3
236 742 3
236 746 3
236 748 3
236 761 3
236 762 3
236 785 3
236 787 3
236 790 3
236 794 3
236 821 3
236 845 3
236 895 3
236 974 3
237 5 2
237 11 2
237 12 3
237 14 2
237 28 3
237 30 2
237 42 2
237 47 2
237 50 3
237 56 3
237 58 2
237 65 2
237 69 3
237 70 2
237 77 2
237 79 2
237 82 2
237 83 2
237 86 2
237 87 2
237 88 2
237 89 3
237 90 2
237 91 2
237 95 2
237 97 2
237 98 3
237 99 2
237 111 2
237 116 2
237 118 2
237 124 2
237 131 2
237 132 2
237 133 2
237 134 2
237 137 2
237 143 3
237 144 2
237 145 2
237 151 2
237 154 2
237 155 2
237 161 2
237 162 2
237 166 2
237 168 2
237 170 2
237 173 3
237 174 3
237 176 2
237 179 2
237 180 2
237 181 3
237 183 3
237 185 2
237 186 2
237 190 2
237 191 3
237 195 3
237 197 2
237 204 3
237 207 2
237 208 2
237 211 2
237 212 2
237 213 2
237 214 2
237 216 3
237 217 2
237 218 2
237 219 2
237 229 2
237 234 3
237 237 3
237 238 3
237 239 2
237 244 2
237 253 2
237 254 2
237 265 2
237 275 3
237 276 2
237 281 2
237 283 2
237 286 3
237 287 2
237 288 2
237 292 2
237 301 2
237 318 2
237 378 2
237 381 2
237 393 2
237 402 2
237 404 2
237 412 2
237 415 2
237 418 2
237 419 2
237 421 2
237 423 3
237 428 2
237 432 2
237 433 2
237 435 2
237 436 2
237 447 2
237 450 2
237 451 2
237 463 2
237 466 2
237 473 2
237 478 2
237 480 3
237 482 2
237 483 2
237 484 2
237 485 2
237 496 2
237 497 2
237 499 2
237 501 2
237 507 2
237 512 2
237 514 2
237 517 2
237 518 2
237 521 2
237 523 2
237 559 2
237 566 2
237 581 2
237 582 2
237 583 2
237 584 2
237 588 3
237 603 2
237 607 2
237 614 2
237 629 2
237 640 2
237 642 2
237 651 2
237 652 2
237 654 2
237 655 2
237 657 2
237 660 2
237 663 2
237 665 2
237 672 2
237 674 2
237 683 2
237 684 2
237 692 2
237 696 2
237 697 2
237 698 2
237 699 2
237 702 2
237 705 2
237 707 2
237 708 2
237 709 2
237 710 2
237 727 2
237 730 2
237 732 2
237 736 2
237 737 2
237 739 2
237 746 2
237 747 2
237 748 2
237 753 2
237 755 2
237 770 2
237 778 2
237 781 2
237 794 2
237 812 2
237 842 2
237 843 2
237 946 2
237 955 2
237 969 2
238 15 3
238 21 2
238 100 4
238 118 3
238 121 3
238 181 3
238 220 2
238 237 3
238 245 2
238 255 2
238 269 2
238 280 2
238 286 3
238 321 2
238 471 2
238 476 2
238 815 2
238 866 2
239 7 3
239 13 3
239 14 3
239 100 3
239 121 3
239 147 3
239 237 3
239 240 3
239 242 3
239 246 3
239 257 3
239 273 3
239 276 3
239 282 3
239 285 3
239 288 3
239 301 3
239 405 3
239 475 3
239 591 3
239 895 3
240 70 2
240 171 2
240 198 2
240 242 2
240 243 1
240 271 2
240 272 2
240 283 2
240 300 2
240 310 2
240 312 2
240 313 2
240 328 2
240 329 1
240 340 2
240 350 1
240 512 2
240 515 2
240 582 2
240 690 2
240 736 1
240 749 2
240 750 2
240 751 2
240 886 1
240 904 2
240 921 1
240 937 2
241 1 3
241 7 3
241 9 3
241 15 3
241 25 3
241 121 3
241 259 3
241 288 3
241 294 3
241 683 3
242 7 2
242 11 2
242 12 1
242 14 2
242 17 2
242 22 1
242 26 2
242 27 2
242 29 2
242 31 2
242 33 2
242 38 2
242 39 2
242 41 2
242 42 2
242 44 1
242 53 2
242 54 2
242 55 2
242 56 2
242 62 2
242 64 1
242 67 2
242 68 2
242 79 1
242 82 2
242 98 1
242 100 1
242 117 2
242 129 2
242 144 2
242 150 2
242 154 1
242 156 1
242 159 2
242 161 2
242 168 2
242 174 2
242 176 2
242 177 1
242 182 2
242 184 2
242 186 2
242 195 2
242 203 1
242 204 2
242 209 2
242 210 2
242 219 2
242 226 1
242 228 2
242 229 2
242 230 2
242 231 2
242 234 2
242 240 2
242 273 2
242 276 2
242 281 2
242 286 2
242 288 1
242 294 2
242 318 2
242 342 2
242 350 2
242 367 1
242 385 1
242 401 2
242 403 2
242 410 2
242 436 1
242 449 2
242 452 2
242 482 2
242 508 2
242 546 2
242 554 2
242 559 2
242 569 2
242 572 2
242 576 2
242 578 2
242 591 2
242 628 2
242 635 2
242 636 2
242 672 2
242 684 2
242 685 2
242 695 2
242 710 2
242 746 1
242 769 2
242 780 2
242 800 2
242 810 2
242 834 2
242 873 2
242 943 2
242 975 2
243 12 3
243 271 3
243 309 3
243 313 3
243 340 3
243 343 3
243 358 3
243 644 3
243 678 3
243 687 3
244 9 3
244 50 3
244 100 3
244 245 3
244 251 2
244 258 3
244 275 2
244 748 3
244 751 2
244 906 2
244 912 2
244 916 2
245 7 2
245 9 2
245 23 2
245 28 2
245 50 2
245 55 2
245 64 2
245 79 2
245 87 2
245 100 2
245 117 2
245 118 2
245 121 2
245 123 2
245 127 2
245 144 2
245 147 2
245 150 2
245 174 2
245 181 2
245 195 2
245 203 2
245 204 2
245 208 2
245 209 2
245 221 2
245 235 2
245 237 2
245 245 2
245 246 1
245 248 2
245 273 2
245 276 1
245 291 2
245 293 2
245 295 2
245 310 2
245 313 1
245 324 1
245 325 2
245 330 2
245 333 2
245 340 1
245 346 1
245 405 2
245 408 2
245 410 2
245 460 2
245 475 2
245 479 2
245 480 2
245 504 2
245 544 2
245 591 2
245 595 2
245 597 2
245 603 2
245 628 2
245 644 2
245 689 2
245 742 2
245 744 2
245 748 2
245 762 2
245 763 2
245 818 2
245 823 2
245 829 2
245 831 2
245 840 2
245 844 2
245 845 2
245 881 2
245 886 2
245 895 2
245 908 2
245 919 2
245 959 2
245 979 2
246 268 2
246 269 2
246 270 1
246 288 1
246 292 1
246 294 2
246 301 2
246 302 2
246 303 1
246 326 1
246 327 1
246 328 1
246 332 2
246 334 1
246 359 1
246 688 1
246 690 1
246 754 1
246 883 1
246 887 1
246 888 1
247 1 4
247 5 3
247 7 4
247 9 3
247 11 3
247 17 3
247 27 3
247 28 3
247 31 3
247 55 3
247 56 3
247 65 3
247 68 3
247 69 3
247 70 3
247 89 3
247 91 3
247 96 3
247 98 4
247 100 4
247 111 3
247 117 4
247 123 3
247 135 3
247 144 3
247 147 3
247 148 3
247 150 3
247 151 3
247 153 4
247 156 3
247 157 3
247 158 3
247 174 4
247 176 3
247 180 3
247 183 3
247 204 4
247 206 3
247 209 3
247 218 3
247 222 4
247 227 3
247 231 3
247 233 3
247 234 3
247 248 3
247 252 3
247 260 3
247 281 3
247 284 3
247 286 3
247 288 4
247 290 3
247 293 3
247 298 3
247 300 4
247 367 3
247 405 4
247 410 3
247 435 3
247 447 3
247 469 3
247 470 3
247 483 3
247 484 3
247 498 3
247 544 3
247 546 3
247 559 3
247 582 3
247 591 3
247 597 4
247 629 3
247 642 3
247 678 3
247 742 4
247 748 4
247 760 3
247 815 3
247 823 3
247 845 3
247 866 3
247 926 3
247 963 3
247 981 3
248 262 3
248 268 4
248 269 3
248 271 4
248 286 3
248 292 3
248 301 3
248 303 3
248 305 4
248 307 3
248 319 3
248 321 4
248 327 3
248 333 4
248 338 3
248 340 4
248 344 3
248 750 3
248 884 4
248 896 4
248 900 3
248 902 3
249 9 3
249 15 3
249 59 3
249 60 3
249 61 3
249 100 3
249 117 4
249 118 4
249 122 3
249 127 3
249 137 3
249 170 3
249 171 3
249 179 3
249 212 3
249 224 3
249 248 3
249 251 3
249 269 3
249 273 3
249 276 3
249 285 3
249 286 3
249 288 4
249 291 3
249 293 3
249 310 3
249 337 3
249 381 4
249 410 3
249 459 3
249 473 3
249 546 4
249 558 3
249 742 4
249 748 4
249 753 3
249 763 3
249 936 3
249 983 3
250 1 4
250 2 3
250 3 3
250 4 4
250 7 4
250 10 3
250 12 4
250 13 4
250 15 4
250 26 3
250 28 4
250 29 3
250 35 3
250 38 3
250 39 3
250 49 3
250 51 4
250 54 4
250 56 4
250 58 4
250 60 3
250 64 4
250 65 3
250 66 3
250 67 3
250 70 4
250 71 3
250 73 3
250 77 3
250 79 4
250 80 3
250 81 3
250 82 4
250 83 4
250 86 4
250 87 4
250 88 4
250 89 4
250 90 3
250 92 3
250 94 3
250 95 3
250 97 4
250 98 4
250 99 4
250 100 4
250 101 3
250 110 3
250 112 3
250 114 3
250 117 3
250 121 4
250 123 3
250 125 3
250 126 3
250 127 4
250 131 4
250 132 4
250 133 3
250 134 4
250 135 4
250 136 4
250 139 3
250 141 3
250 142 3
250 143 4
250 144 3
250 145 3
250 152 3
250 153 3
250 154 3
250 155 3
250 157 3
250 158 3
250 161 4
250 162 3
250 163 3
250 164 3
250 166 3
250 167 3
250 168 3
250 169 3
250 173 4
250 174 3
250 176 4
250 177 4
250 179 4
250 180 4
250 182 3
250 183 4
250 185 4
250 187 3
250 191 4
250 192 3
250 193 4
250 194 4
250 195 4
250 196 4
250 197 3
250 199 3
250 200 4
250 202 4
250 203 4
250 204 4
250 205 3
250 207 3
250 208 4
250 210 4
250 211 4
250 215 4
250 216 4
250 218 3
250 222 4
250 223 4
250 225 3
250 226 3
250 227 3
250 229 3
250 231 3
250 233 3
250 237 4
250 238 4
250 239 3
250 241 4
250 245 3
250 252 3
250 254 3
250 258 4
250 264 3
250 265 3
250 269 3
250 270 3
250 272 3
250 274 4
250 275 4
250 277 3
250 278 3
250 280 3
250 281 3
250 282 4
250 283 3
250 288 3
250 290 3
250 292 3
250 294 4
250 299 3
250 300 4
250 301 3
250 302 4
250 304 3
250 305 3
250 310 3
250 311 3
250 312 3
250 313 4
250 315 3
250 316 3
250 328 3
250 332 3
250 340 3
250 354 3
250 357 4
250 367 4
250 371 3
250 373 3
250 378 3
250 380 3
250 381 3
250 382 3
250 383 3
250 384 3
250 385 4
250 387 3
250 393 4
250 395 3
250 396 3
250 400 3
250 401 3
250 402 4
250 414 3
250 416 3
250 417 3
250 418 3
250 419 3
250 421 4
250 422 3
250 428 4
250 431 4
250 432 3
250 433 4
250 434 3
250 435 4
250 443 4
250 448 3
250 451 3
250 455 3
250 462 3
250 465 3
250 467 3
250 469 3
250 470 3
250 471 3
250 472 3
250 474 3
250 476 3
250 477 3
250 478 4
250 479 4
250 480 4
250 481 3
250 482 3
250 483 4
250 484 4
250 487 3
250 488 3
250 490 3
250 491 3
250 493 3
250 494 3
250 495 3
250 496 4
250 497 3
250 499 3
250 500 3
250 502 3
250 503 3
250 505 3
250 506 4
250 507 3
250 509 4
250 510 3
250 511 3
250 514 3
250 518 3
250 520 3
250 523 4
250 525 3
250 526 4
250 527 4
250 528 4
250 530 3
250 535 3
250 549 4
250 550 3
250 553 3
250 557 3
250 558 3
250 559 3
250 561 3
250 566 3
250 568 4
250 570 3
250 582 4
250 583 3
250 589 3
250 591 3
250 602 3
250 604 3
250 606 3
250 607 3
250 608 3
250 609 3
250 610 3
250 611 3
250 612 3
250 613 3
250 614 3
250 618 3
250 620 3
250 622 3
250 629 3
250 630 3
250 631 3
250 632 3
250 633 3
250 637 3
250 642 3
250 647 3
250 648 3
250 650 3
250 651 4
250 655 4
250 657 4
250 659 3
250 660 4
250 661 3
250 663 3
250 673 3
250 679 3
250 685 3
250 686 3
250 689 3
250 692 4
250 693 3
250 700 3
250 704 3
250 705 3
250 707 3
250 708 3
250 709 3
250 710 3
250 712 3
250 714 3
250 715 3
250 716 3
250 717 3
250 723 3
250 727 3
250 728 3
250 729 3
250 731 3
250 735 4
250 736 4
250 742 3
250 747 3
250 748 3
250 751 3
250 761 3
250 762 3
250 765 3
250 771 3
250 774 3
250 775 3
250 778 3
250 783 3
250 785 3
250 790 3
250 792 4
250 794 3
250 801 3
250 807 3
250 815 3
250 821 3
250 823 3
250 832 3
250 837 3
250 842 3
250 845 3
250 846 3
250 847 3
250 865 3
250 869 3
250 873 3
250 878 3
250 900 3
250 902 3
250 904 3
250 905 3
250 908 3
250 921 3
250 923 3
250 926 3
250 928 3
250 934 3
250 936 3
250 939 3
250 940 3
250 942 3
250 951 3
250 956 3
250 965 3
250 966 3
250 967 3
250 969 3
251 242 2
251 243 2
251 259 2
251 260 2
251 262 2
251 268 2
251 269 2
251 270 2
251 286 2
251 288 2
251 289 3
251 292 2
251 294 2
251 299 2
251 300 2
251 301 3
251 303 2
251 305 2
251 307 2
251 308 3
251 319 2
251 322 2
251 323 2
251 325 2
251 327 2
251 328 2
251 329 2
251 330 2
251 331 3
251 332 2
251 333 2
251 336 2
251 337 2
251 359 2
251 360 2
251 457 2
251 680 2
251 681 2
251 682 2
251 687 2
251 749 2
251 872 2
251 874 2
251 875 2
251 877 2
251 879 3
251 880 3
251 881 2
251 882 2
251 883 2
251 884 2
251 937 3
251 938 2
251 984 2
251 989 2
251 991 2
251 995 2
252 7 3
252 8 3
252 14 3
252 22 4
252 25 3
252 27 3
252 45 3
252 48 3
252 52 3
252 58 3
252 60 3
252 61 3
252 62 3
252 64 3
252 66 3
252 69 3
252 70 3
252 73 3
252 86 3
252 88 3
252 89 4
252 96 4
252 97 3
252 99 3
252 111 3
252 121 4
252 124 3
252 127 3
252 132 3
252 134 3
252 135 3
252 136 3
252 143 3
252 152 3
252 154 3
252 156 3
252 161 3
252 162 3
252 163 3
252 168 3
252 170 3
252 171 3
252 173 3
252 174 4
252 180 3
252 181 4
252 183 3
252 185 3
252 186 3
252 187 3
252 188 3
252 191 3
252 194 3
252 195 4
252 197 3
252 201 3
252 202 3
252 203 3
252 204 4
252 207 3
252 212 3
252 216 3
252 234 3
252 237 3
252 243 3
252 245 3
252 259 3
252 269 3
252 276 3
252 286 3
252 294 3
252 318 3
252 371 3
252 384 3
252 404 3
252 418 3
252 419 3
252 420 3
252 423 3
252 427 3
252 430 3
252 432 3
252 435 3
252 443 3
252 455 3
252 458 3
252 461 3
252 462 3
252 465 3
252 467 3
252 472 3
252 479 3
252 482 3
252 483 3
252 485 3
252 488 3
252 491 3
252 492 3
252 494 3
252 495 3
252 496 3
252 498 3
252 502 3
252 506 3
252 510 3
252 513 3
252 517 3
252 518 3
252 521 3
252 523 3
252 526 3
252 530 3
252 531 3
252 554 3
252 576 3
252 588 3
252 597 4
252 603 3
252 609 3
252 614 3
252 615 3
252 624 3
252 631 3
252 636 3
252 641 3
252 648 3
252 654 3
252 659 3
252 660 3
252 684 3
252 729 3
252 736 3
252 780 3
252 781 3
252 792 3
252 805 3
252 815 3
252 863 3
252 874 3
252 924 3
252 947 3
252 969 3
252 971 3
253 3 3
253 4 3
253 7 4
253 9 3
253 11 3
253 12 3
253 17 4
253 22 3
253 24 3
253 33 3
253 42 3
253 48 3
253 49 3
253 50 4
253 53 3
253 59 4
253 68 3
253 69 3
253 73 3
253 79 3
253 80 3
253 93 3
253 94 3
253 97 3
253 98 4
253 100 3
253 117 3
253 122 3
253 125 3
253 132 4
253 143 3
253 154 4
253 156 4
253 157 4
253 158 3
253 164 3
253 168 4
253 172 3
253 174 3
253 181 3
253 186 4
253 188 3
253 196 3
253 204 3
253 210 4
253 231 3
253 233 3
253 238 4
253 239 3
253 246 3
253 248 3
253 254 3
253 258 3
253 268 3
253 276 4
253 288 3
253 298 3
253 318 3
253 354 3
253 356 3
253 357 3
253 364 3
253 367 4
253 369 3
253 384 3
253 385 3
253 393 3
253 401 3
253 402 3
253 410 3
253 412 3
253 416 3
253 421 3
253 423 3
253 424 3
253 427 3
253 456 3
253 471 3
253 475 3
253 476 3
253 496 3
253 508 3
253 509 3
253 515 3
253 550 3
253 552 3
253 566 3
253 568 3
253 578 3
253 586 3
253 591 3
253 628 3
253 651 3
253 655 3
253 684 3
253 693 3
253 697 3
253 717 3
253 721 3
253 742 3
253 871 3
253 959 3
253 963 3
253 975 3
254 1 3
254 11 2
254 12 2
254 15 3
254 22 2
254 28 3
254 50 2
254 51 2
254 55 2
254 56 2
254 58 2
254 66 2
254 69 3
254 70 2
254 73 2
254 76 2
254 77 2
254 79 2
254 82 2
254 87 2
254 88 2
254 89 2
254 96 2
254 97 3
254 98 2
254 99 3
254 100 2
254 107 2
254 114 2
254 117 3
254 118 3
254 121 3
254 124 2
254 131 2
254 133 2
254 134 2
254 136 2
254 143 3
254 144 2
254 153 2
254 161 3
254 162 2
254 164 2
254 169 2
254 172 2
254 173 2
254 174 2
254 181 2
254 182 2
254 185 2
254 191 3
254 195 2
254 196 2
254 197 2
254 199 2
254 202 3
254 203 2
254 204 3
254 210 3
254 211 2
254 215 2
254 222 2
254 228 3
254 234 2
254 237 2
254 245 2
254 248 2
254 250 2
254 255 2
254 257 2
254 258 2
254 259 2
254 260 2
254 270 2
254 272 2
254 277 2
254 279 2
254 286 2
254 289 2
254 293 2
254 300 2
254 310 2
254 315 2
254 316 2
254 317 2
254 318 2
254 322 2
254 323 2
254 326 2
254 356 2
254 357 2
254 378 2
254 385 2
254 392 2
254 414 2
254 418 2
254 419 2
254 423 3
254 427 2
254 431 2
254 434 2
254 435 2
254 451 2
254 465 2
254 468 2
254 474 2
254 478 2
254 479 2
254 482 2
254 483 2
254 484 2
254 485 2
254 487 2
254 490 2
254 492 2
254 493 2
254 496 3
254 497 2
254 507 2
254 509 2
254 519 2
254 520 3
254 526 2
254 528 2
254 531 2
254 566 2
254 568 2
254 603 2
254 605 2
254 607 2
254 610 2
254 612 2
254 614 2
254 627 2
254 631 2
254 633 2
254 642 2
254 649 2
254 651 2
254 654 2
254 655 2
254 657 2
254 659 2
254 660 2
254 661 2
254 678 2
254 685 2
254 686 2
254 692 2
254 693 2
254 694 2
254 705 2
254 707 2
254 724 2
254 735 2
254 736 2
254 740 2
254 742 2
254 746 2
254 836 2
254 837 2
254 842 2
254 873 2
254 875 2
254 879 2
254 939 2
254 945 2
254 956 2
254 968 2
255 1 4
255 2 4
255 4 4
255 7 4
255 8 4
255 9 4
255 12 4
255 14 4
255 17 4
255 20 4
255 24 4
255 25 4
255 31 4
255 39 4
255 40 4
255 42 4
255 44 4
255 47 4
255 53 4
255 56 4
255 57 4
255 58 4
255 64 4
255 69 4
255 70 4
255 71 4
255 87 4
255 95 4
255 96 3
255 97 4
255 98 4
255 100 4
255 118 4
255 123 4
255 125 4
255 126 4
255 127 4
255 135 3
255 148 4
255 161 4
255 170 4
255 174 3
255 176 4
255 191 4
255 196 4
255 197 3
255 204 4
255 214 4
255 217 4
255 222 4
255 223 3
255 228 3
255 234 4
255 237 4
255 241 4
255 245 4
255 252 4
255 255 4
255 257 4
255 265 4
255 270 4
255 275 4
255 276 4
255 277 4
255 279 4
255 281 4
255 282 4
255 288 4
255 289 4
255 291 4
255 292 4
255 293 4
255 300 4
255 301 4
255 304 4
255 307 4
255 313 4
255 317 4
255 318 4
255 321 4
255 323 4
255 334 4
255 343 4
255 380 4
255 382 4
255 393 4
255 402 4
255 405 4
255 423 4
255 428 3
255 447 4
255 455 4
255 462 4
255 465 4
255 471 4
255 475 4
255 504 4
255 508 4
255 511 4
255 515 4
255 518 4
255 529 4
255 531 4
255 582 4
255 584 4
255 591 4
255 597 4
255 627 4
255 628 4
255 629 4
255 647 4
255 660 4
255 678 4
255 692 4
255 694 4
255 709 4
255 724 4
255 727 4
255 738 4
255 747 4
255 755 4
255 778 4
255 898 4
255 934 4
255 939 4
256 1 3
256 3 3
256 4 3
256 9 3
256 12 4
256 13 3
256 22 3
256 23 3
256 32 3
256 42 3
256 46 3
256 50 3
256 53 3
256 54 3
256 57 3
256 60 3
256 61 3
256 68 3
256 69 3
256 71 3
256 79 3
256 80 3
256 86 3
256 91 3
256 92 3
256 95 3
256 97 3
256 100 3
256 101 3
256 111 3
256 121 3
256 125 3
256 127 3
256 133 3
256 135 3
256 143 3
256 161 3
256 168 3
256 170 3
256 172 3
256 174 3
256 175 3
256 177 3
256 179 3
256 181 3
256 182 3
256 185 3
256 186 3
256 187 3
256 188 3
256 194 3
256 196 4
256 197 3
256 200 3
256 202 3
256 210 4
256 211 3
256 218 3
256 222 3
256 226 3
256 228 3
256 231 3
256 232 3
256 234 3
256 238 3
256 268 3
256 273 3
256 274 3
256 282 3
256 286 3
256 294 3
256 325 3
256 346 3
256 357 3
256 366 3
256 369 3
256 380 3
256 403 3
256 410 3
256 414 3
256 419 3
256 421 3
256 423 3
256 427 3
256 431 3
256 432 3
256 433 3
256 443 3
256 448 3
256 449 3
256 452 3
256 460 3
256 461 3
256 462 3
256 474 3
256 475 3
256 479 3
256 484 3
256 490 3
256 498 3
256 505 3
256 506 3
256 508 3
256 523 3
256 546 3
256 559 3
256 568 3
256 578 3
256 581 3
256 582 3
256 603 3
256 608 3
256 616 3
256 640 3
256 655 3
256 658 3
256 660 4
256 662 3
256 672 3
256 673 3
256 693 3
256 696 3
256 708 3
256 710 3
256 715 3
256 720 3
256 721 3
256 737 3
256 743 3
256 763 3
256 789 3
256 806 3
256 818 3
256 845 3
256 864 3
256 919 3
256 922 3
256 933 3
256 943 3
256 955 3
256 959 3
256 963 3
256 979 3
256 985 3
257 4 4
257 7 4
257 8 4
257 9 4
257 11 4
257 12 4
257 14 3
257 15 4
257 20 4
257 27 4
257 31 4
257 38 4
257 44 4
257 45 4
257 48 4
257 50 4
257 51 4
257 52 4
257 53 4
257 54 4
257 56 4
257 57 4
257 58 4
257 59 4
257 62 4
257 64 4
257 65 4
257 66 4
257 70 4
257 77 4
257 79 5
257 82 4
257 83 4
257 86 4
257 89 4
257 91 4
257 94 4
257 96 4
257 97 4
257 100 4
257 105 4
257 114 4
257 117 4
257 118 4
257 122 4
257 127 4
257 132 4
257 134 4
257 137 4
257 143 4
257 144 5
257 148 4
257 151 4
257 155 4
257 156 4
257 157 4
257 161 4
257 162 4
257 164 4
257 168 4
257 172 4
257 173 4
257 174 4
257 176 5
257 180 4
257 181 4
257 182 4
257 183 4
257 185 4
257 186 4
257 190 4
257 191 4
257 192 4
257 193 4
257 194 4
257 195 5
257 196 4
257 197 4
257 200 4
257 203 4
257 204 4
257 209 4
257 214 4
257 215 4
257 216 4
257 218 4
257 219 4
257 226 4
257 229 4
257 230 4
257 231 4
257 232 4
257 234 4
257 235 4
257 237 4
257 239 4
257 240 4
257 241 4
257 243 4
257 248 4
257 257 4
257 258 4
257 265 4
257 282 4
257 285 4
257 288 4
257 304 4
257 318 4
257 357 4
257 366 4
257 370 4
257 372 4
257 373 4
257 378 4
257 380 4
257 385 4
257 393 4
257 395 4
257 401 4
257 402 4
257 403 4
257 405 4
257 410 4
257 411 4
257 412 4
257 417 4
257 425 4
257 428 4
257 436 4
257 443 4
257 448 4
257 450 4
257 452 4
257 453 4
257 455 4
257 456 4
257 458 4
257 462 4
257 469 4
257 470 4
257 471 4
257 472 4
257 473 4
257 474 4
257 476 4
257 483 4
257 500 4
257 507 4
257 509 4
257 527 4
257 529 4
257 531 4
257 540 4
257 546 4
257 549 4
257 553 4
257 559 4
257 566 4
257 568 4
257 582 4
257 584 4
257 588 4
257 597 4
257 623 4
257 628 4
257 629 4
257 631 4
257 632 4
257 636 4
257 640 4
257 651 4
257 655 4
257 658 4
257 664 4
257 673 4
257 679 4
257 692 4
257 699 4
257 704 4
257 708 4
257 709 4
257 717 4
257 720 4
257 722 4
257 727 4
257 729 4
257 732 4
257 739 4
257 742 4
257 744 4
257 747 4
257 755 4
257 756 4
257 758 4
257 769 4
257 770 4
257 775 4
257 783 4
257 792 4
257 819 4
257 825 4
257 841 4
257 845 4
257 871 4
257 931 4
257 934 4
257 948 4
257 949 4
257 959 4
257 980 4
258 8 3
258 9 3
258 12 3
258 13 3
258 14 3
258 20 2
258 23 3
258 25 3
258 28 3
258 32 3
258 48 3
258 50 3
258 57 3
258 58 3
258 86 3
258 96 3
258 98 3
258 117 3
258 121 3
258 124 3
258 126 3
258 127 3
258 129 2
258 134 3
258 143 3
258 144 3
258 147 2
258 152 3
258 169 3
258 174 3
258 178 3
258 179 3
258 180 3
258 181 3
258 182 3
258 183 3
258 189 2
258 190 3
258 191 3
258 192 3
258 193 3
258 195 3
258 203 3
258 208 3
258 209 3
258 234 3
258 237 3
258 238 3
258 245 2
258 250 3
258 255 3
258 273 3
258 278 2
258 282 3
258 283 2
258 284 3
258 285 3
258 286 3
258 287 2
258 288 3
258 293 2
258 298 2
258 301 2
258 304 2
258 307 2
258 317 3
258 318 3
258 319 3
258 321 3
258 330 2
258 333 3
258 346 2
258 357 3
258 387 3
258 405 3
258 408 3
258 410 3
258 423 3
258 425 3
258 427 3
258 430 3
258 467 3
258 469 2
258 473 2
258 474 3
258 496 3
258 509 3
258 514 3
258 517 3
258 521 3
258 526 3
258 529 3
258 530 3
258 546 3
258 582 3
258 588 3
258 589 2
258 591 2
258 597 3
258 603 3
258 632 2
258 644 2
258 648 2
258 651 3
258 654 3
258 663 3
258 685 2
258 694 3
258 696 2
258 704 2
258 709 3
258 717 2
258 736 3
258 742 2
258 750 3
258 753 2
258 792 3
258 844 2
258 847 2
258 896 2
258 925 2
258 939 2
258 952 2
258 956 2
258 980 2
259 1 3
259 3 3
259 7 3
259 8 4
259 15 4
259 16 4
259 19 3
259 22 3
259 25 3
259 100 3
259 108 4
259 111 4
259 117 3
259 120 4
259 121 4
259 123 3
259 134 3
259 147 3
259 148 3
259 164 3
259 172 3
259 174 3
259 181 3
259 194 3
259 216 4
259 220 4
259 222 4
259 225 4
259 230 3
259 245 3
259 249 4
259 250 4
259 255 4
259 258 3
259 264 4
259 278 4
259 282 3
259 286 4
259 289 4
259 291 4
259 295 4
259 300 4
259 301 4
259 322 4
259 323 3
259 328 4
259 332 4
259 333 3
259 336 4
259 357 3
259 358 3
259 411 4
259 472 3
259 473 3
259 523 3
259 546 4
259 568 3
259 596 4
259 597 4
259 651 3
259 676 4
259 678 4
259 685 3
259 687 4
259 742 3
259 748 4
259 815 4
259 825 3
259 827 3
259 832 4
259 846 4
259 864 4
259 866 4
259 873 4
259 879 4
259 934 4
259 969 4
259 978 4
259 989 4
260 1 3
260 7 3
260 10 2
260 14 2
260 20 2
260 117 3
260 127 3
260 129 2
260 146 2
260 221 2
260 224 2
260 242 2
260 248 2
260 250 2
260 253 2
260 257 2
260 258 3
260 273 2
260 275 2
260 276 3
260 279 2
260 286 3
260 289 2
260 294 3
260 297 2
260 301 2
260 302 3
260 303 2
260 307 3
260 311 2
260 322 2
260 327 2
260 458 2
260 515 2
260 532 2
260 591 2
260 676 2
260 713 2
260 744 2
261 121 3
261 158 3
261 242 3
261 255 3
261 269 3
261 285 3
261 302 4
261 304 3
261 319 3
261 347 3
261 682 3
262 11 3
262 22 3
262 100 3
262 136 2
262 237 3
262 259 2
262 271 2
262 288 3
262 289 2
262 292 2
262 300 3
262 313 3
262 321 2
262 332 2
262 358 2
262 678 2
262 682 2
262 866 3
262 895 2
263 3 1
263 7 2
263 10 1
263 14 2
263 15 2
263 20 2
263 24 2
263 50 2
263 93 1
263 100 2
263 103 1
263 107 1
263 112 1
263 116 1
263 117 2
263 121 2
263 124 2
263 126 2
263 127 2
263 137 1
263 147 1
263 149 1
263 150 1
263 151 2
263 221 1
263 224 1
263 225 2
263 235 2
263 242 1
263 243 1
263 244 1
263 248 2
263 249 2
263 250 2
263 253 1
263 257 2
263 258 2
263 268 2
263 270 1
263 274 2
263 282 2
263 283 2
263 284 2
263 285 1
263 288 2
263 301 2
263 304 2
263 306 1
263 311 1
263 319 1
263 347 1
263 362 1
263 455 1
263 472 1
263 473 1
263 475 1
263 477 1
263 508 2
263 544 1
263 593 1
263 596 1
263 597 2
263 689 1
263 741 2
263 744 1
263 751 2
263 819 1
263 845 2
263 864 1
263 870 1
263 880 1
263 887 1
263 926 1
263 930 1
263 950 1
263 952 1
263 988 1
263 993 1
264 16 3
264 116 3
264 176 3
264 181 4
264 194 3
264 248 3
264 258 4
264 260 3
264 269 4
264 286 4
264 289 4
264 293 3
264 298 3
264 300 4
264 301 4
264 321 4
264 322 3
264 328 4
264 333 4
264 358 3
264 482 4
264 603 4
264 678 3
264 705 4
264 709 3
264 748 4
264 879 3
265 1 3
265 7 3
265 8 2
265 12 2
265 22 2
265 28 2
265 32 2
265 56 3
265 64 2
265 87 2
265 97 2
265 100 3
265 109 3
265 114 2
265 132 2
265 134 2
265 136 2
265 143 2
265 154 2
265 169 2
265 172 3
265 174 3
265 175 2
265 179 2
265 180 2
265 181 3
265 190 2
265 191 2
265 194 2
265 198 2
265 199 2
265 202 2
265 257 3
265 258 3
265 283 2
265 286 3
265 300 3
265 318 2
265 319 2
265 395 2
265 404 2
265 423 2
265 428 2
265 474 2
265 475 3
265 478 2
265 481 2
265 496 2
265 529 2
265 584 2
265 588 2
265 603 2
265 615 2
265 638 2
265 651 2
265 656 2
265 705 2
265 855 2
266 2 2
266 11 3
266 22 3
266 24 2
266 27 2
266 50 4
266 55 3
266 56 3
266 62 2
266 79 3
266 87 3
266 89 3
266 95 3
266 96 3
266 98 3
266 117 3
266 127 3
266 128 2
266 144 3
266 174 3
266 181 3
266 182 3
266 183 3
266 184 2
266 187 3
266 188 3
266 210 3
266 231 2
266 232 2
266 258 3
266 265 2
266 268 3
266 269 3
266 273 3
266 288 3
266 292 2
266 294 3
266 302 3
266 306 2
266 308 2
266 313 3
266 315 2
266 321 3
266 324 3
266 326 2
266 327 3
266 328 3
266 331 2
266 333 3
266 334 2
266 346 2
266 349 2
266 350 2
266 354 2
266 357 3
266 385 3
266 405 2
266 455 2
266 518 3
266 546 3
266 550 2
266 566 3
266 568 2
266 651 3
266 682 2
266 748 2
266 873 2
266 882 2
266 885 2
266 898 2
266 902 2
266 908 2
266 995 2
267 7 4
267 10 4
267 24 3
267 50 4
267 93 4
267 100 4
267 108 4
267 109 4
267 150 4
267 240 4
267 246 4
267 248 4
267 249 4
267 264 3
267 268 3
267 269 4
267 273 4
267 276 4
267 298 3
267 327 3
267 340 4
267 455 4
267 475 4
267 742 3
267 762 4
267 919 4
268 1 3
268 4 3
268 7 3
268 8 3
268 13 3
268 15 3
268 19 2
268 22 3
268 23 3
268 25 3
268 31 3
268 39 2
268 42 2
268 47 2
268 51 3
268 56 3
268 58 3
268 69 3
268 70 3
268 71 3
268 95 3
268 96 3
268 97 3
268 98 3
268 100 3
268 111 3
268 116 2
268 118 3
268 121 3
268 126 2
268 132 3
268 137 3
268 144 3
268 150 3
268 153 3
268 157 2
268 159 2
268 160 2
268 170 2
268 172 3
268 173 3
268 178 3
268 180 3
268 181 3
268 182 3
268 191 3
268 192 2
268 195 3
268 200 2
268 209 3
268 214 3
268 216 3
268 222 3
268 238 3
268 246 2
268 251 2
268 257 2
268 258 3
268 273 3
268 283 3
268 285 2
268 293 2
268 294 3
268 297 2
268 318 3
268 321 2
268 357 3
268 367 3
268 377 2
268 405 3
268 411 2
268 423 3
268 427 3
268 428 2
268 435 3
268 462 3
268 469 2
268 471 3
268 475 3
268 498 3
268 507 2
268 529 2
268 544 2
268 582 3
268 603 3
268 612 2
268 642 3
268 655 3
268 662 3
268 692 3
268 699 2
268 724 2
268 742 3
268 826 2
268 856 2
268 926 2
268 952 2
269 64 5
269 65 5
269 127 4
269 134 5
269 136 5
269 153 5
269 194 5
269 199 5
269 215 5
269 286 5
269 306 5
269 483 5
269 484 5
269 490 5
269 495 5
269 507 5
269 511 5
269 520 5
269 530 5
269 582 5
269 605 5
269 610 5
269 611 5
269 641 5
269 654 5
269 656 5
269 705 5
269 855 5
269 923 5
270 1 3
270 7 3
270 9 3
270 13 3
270 19 3
270 50 3
270 93 3
270 100 3
270 118 4
270 125 3
270 150 3
270 181 3
270 221 3
270 235 3
270 248 3
270 257 3
270 258 3
270 276 3
270 283 3
270 284 3
270 285 3
270 286 3
270 293 3
270 294 3
270 295 3
270 360 3
270 458 3
270 471 3
270 475 3
270 508 3
270 544 3
270 546 3
270 813 3
270 824 3
270 919 3
270 950 3
270 952 3
271 1 3
271 8 4
271 50 3
271 94 4
271 95 4
271 99 4
271 140 4
271 225 4
271 404 4
271 418 4
271 477 4
271 501 4
271 596 4
271 768 4
271 878 4
271 932 5
271 969 4
272 1 5
272 2 5
272 3 5
272 4 5
272 7 4
272 11 5
272 12 5
272 21 5
272 24 5
272 27 5
272 28 5
272 29 5
272 33 5
272 38 5
272 41 5
272 43 5
272 49 5
272 51 5
272 56 5
272 63 5
272 64 5
272 66 5
272 68 5
272 69 5
272 71 5
272 72 5
272 73 5
272 78 5
272 79 5
272 80 5
272 82 5
272 88 5
272 90 5
272 94 5
272 97 5
272 99 5
272 101 5
272 109 5
272 117 4
272 118 4
272 120 5
272 121 4
272 122 5
272 123 5
272 132 5
272 135 5
272 141 5
272 151 5
272 161 5
272 168 5
272 172 5
272 173 5
272 174 4
272 175 5
272 177 5
272 181 5
272 183 5
272 185 5
272 186 5
272 193 5
272 195 5
272 196 5
272 204 5
272 210 5
272 215 5
272 217 5
272 218 5
272 226 5
272 228 5
272 229 5
272 232 5
272 233 5
272 234 4
272 239 5
272 240 5
272 250 5
272 254 5
272 255 5
272 258 4
272 260 5
272 271 5
272 288 5
272 313 5
272 318 4
272 323 4
272 343 5
272 355 5
272 358 5
272 362 5
272 365 5
272 368 5
272 370 5
272 373 5
272 374 5
272 375 5
272 378 5
272 380 5
272 384 5
272 386 5
272 391 5
272 392 5
272 393 5
272 395 5
272 400 5
272 401 5
272 404 5
272 411 5
272 416 5
272 417 5
272 418 5
272 431 5
272 443 5
272 449 5
272 465 5
272 473 5
272 475 5
272 477 5
272 485 5
272 496 5
272 501 5
272 541 5
272 546 5
272 548 5
272 550 5
272 552 5
272 559 5
272 561 5
272 562 5
272 567 5
272 568 5
272 569 5
272 576 5
272 577 5
272 578 5
272 584 5
272 588 5
272 597 5
272 609 5
272 625 5
272 633 5
272 655 5
272 665 5
272 672 5
272 685 5
272 689 5
272 715 5
272 720 5
272 739 5
272 742 5
272 743 5
272 746 5
272 747 5
272 751 5
272 755 5
272 756 5
272 758 5
272 760 5
272 763 5
272 768 5
272 771 5
272 780 5
272 790 5
272 796 5
272 810 5
272 826 5
272 834 5
272 877 5
272 890 5
272 895 5
272 924 5
272 928 5
272 930 5
272 931 5
272 940 5
272 946 5
272 951 5
272 977 5
273 7 3
273 9 3
273 10 3
273 14 3
273 25 3
273 116 3
273 124 3
273 129 3
273 137 3
273 242 3
273 257 3
273 275 3
273 276 3
273 293 3
273 302 3
273 303 3
273 319 3
273 327 3
273 547 3
273 813 3
274 7 4
274 8 4
274 11 4
274 12 4
274 13 3
274 14 4
274 15 4
274 22 4
274 23 4
274 26 3
274 42 4
274 44 3
274 45 3
274 48 3
274 50 4
274 52 4
274 58 3
274 60 3
274 61 3
274 64 4
274 66 4
274 68 3
274 69 4
274 70 4
274 71 4
274 72 3
274 73 3
274 76 3
274 77 4
274 79 4
274 83 3
274 86 4
274 87 4
274 88 3
274 89 4
274 92 4
274 97 4
274 98 4
274 99 4
274 100 5
274 107 3
274 116 4
274 117 4
274 121 4
274 131 3
274 132 4
274 134 4
274 135 4
274 136 3
274 141 3
274 150 4
274 161 4
274 168 4
274 170 4
274 171 4
274 172 4
274 173 4
274 175 4
274 176 4
274 178 3
274 179 4
274 180 4
274 181 4
274 182 4
274 183 4
274 191 4
274 192 3
274 193 3
274 194 4
274 195 4
274 196 4
274 198 3
274 203 4
274 205 3
274 207 3
274 208 4
274 210 4
274 211 4
274 212 3
274 215 3
274 216 4
274 218 3
274 221 4
274 227 3
274 230 4
274 234 3
274 237 4
274 238 4
274 244 3
274 248 3
274 252 4
274 257 4
274 258 4
274 265 3
274 274 4
274 275 4
274 276 4
274 282 4
274 283 4
274 285 3
274 288 4
274 289 4
274 291 3
274 293 3
274 298 4
274 302 4
274 313 4
274 315 3
274 316 3
274 317 3
274 322 4
274 326 3
274 346 3
274 356 3
274 380 3
274 382 4
274 385 4
274 410 4
274 414 4
274 416 3
274 418 4
274 419 3
274 430 4
274 434 3
274 435 4
274 436 3
274 461 3
274 462 3
274 463 3
274 470 3
274 474 4
274 475 4
274 478 3
274 480 4
274 481 3
274 483 4
274 484 3
274 486 3
274 488 3
274 489 3
274 490 3
274 491 3
274 493 3
274 495 3
274 496 4
274 497 3
274 498 4
274 499 3
274 503 3
274 506 3
274 507 3
274 508 4
274 511 4
274 513 3
274 514 4
274 517 3
274 518 4
274 519 3
274 520 3
274 521 3
274 525 3
274 526 3
274 527 4
274 528 3
274 529 4
274 530 3
274 553 3
274 566 3
274 584 3
274 591 3
274 601 3
274 602 3
274 603 4
274 604 3
274 605 3
274 607 3
274 610 3
274 614 3
274 615 3
274 618 3
274 628 3
274 633 3
274 641 3
274 642 4
274 646 3
274 648 3
274 649 3
274 651 3
274 653 3
274 657 4
274 659 3
274 660 4
274 661 3
274 664 3
274 676 3
274 684 4
274 685 3
274 692 4
274 696 3
274 697 3
274 699 4
274 705 4
274 707 4
274 708 3
274 709 3
274 735 3
274 736 3
274 744 3
274 756 3
274 789 3
274 792 3
274 836 3
274 848 3
274 921 3
274 923 3
274 939 3
274 943 3
274 945 3
274 963 3
274 966 3
274 971 3
274 996 3
275 70 3
275 100 4
275 127 4
275 259 3
275 286 3
275 313 3
275 381 3
276 4 3
276 26 2
276 33 2
276 56 3
276 63 3
276 67 2
276 72 3
276 73 3
276 80 2
276 83 3
276 88 3
276 168 3
276 173 3
276 175 3
276 186 3
276 202 3
276 204 3
276 209 3
276 211 3
276 216 3
276 232 3
276 238 3
276 239 3
276 288 2
276 294 3
276 300 3
276 328 3
276 343 2
276 367 2
276 386 3
276 435 3
276 579 2
276 648 2
276 655 3
276 692 3
276 710 2
276 712 2
276 715 2
276 734 2
276 738 2
276 748 2
276 765 2
276 781 2
276 790 2
276 792 2
276 890 2
276 944 2
276 999 2
277 20 5
277 25 4
277 36 5
277 49 5
277 88 5
277 90 5
277 237 4
277 255 4
277 282 4
277 289 5
277 294 4
277 369 5
277 553 5
277 709 5
277 722 5
277 731 5
277 732 5
277 756 4
277 781 5
277 846 5
278 1 4
278 7 3
278 17 3
278 23 3
278 26 2
278 28 3
278 40 3
278 42 2
278 48 3
278 50 4
278 65 3
278 69 3
278 72 3
278 77 3
278 79 3
278 81 3
278 93 3
278 98 3
278 111 3
278 122 2
278 134 3
278 143 3
278 145 2
278 151 3
278 160 3
278 161 3
278 188 3
278 196 3
278 216 3
278 218 3
278 219 2
278 222 3
278 231 3
278 237 3
278 238 3
278 255 3
278 276 3
278 282 3
278 288 3
278 300 3
278 318 3
278 327 2
278 340 3
278 350 2
278 354 3
278 357 3
278 367 3
278 369 3
278 381 2
278 392 2
278 403 3
278 410 3
278 412 3
278 427 3
278 447 3
278 451 3
278 467 2
278 469 3
278 518 3
278 568 3
278 591 3
278 604 3
278 616 2
278 655 3
278 658 2
278 673 2
278 684 3
278 743 2
278 763 3
278 843 2
278 866 3
278 959 2
278 975 2
279 1 3
279 8 3
279 24 2
279 28 2
279 31 2
279 50 3
279 54 2
279 55 2
279 58 2
279 66 2
279 70 2
279 71 2
279 79 3
279 82 3
279 88 2
279 89 3
279 95 2
279 96 3
279 97 3
279 100 3
279 101 2
279 108 2
279 111 2
279 117 2
279 118 2
279 121 3
279 122 2
279 127 3
279 133 2
279 135 3
279 144 2
279 147 2
279 148 2
279 153 2
279 161 2
279 164 2
279 168 2
279 172 2
279 173 3
279 174 3
279 175 2
279 176 2
279 177 2
279 179 2
279 180 3
279 181 3
279 182 2
279 183 2
279 185 2
279 187 3
279 188 2
279 189 2
279 190 2
279 195 3
279 197 2
279 198 2
279 201 2
279 204 3
279 209 2
279 210 3
279 211 2
279 213 2
279 215 2
279 216 3
279 228 2
279 230 2
279 241 2
279 248 2
279 249 2
279 255 2
279 257 2
279 258 3
279 261 2
279 264 2
279 265 2
279 266 2
279 270 2
279 272 2
279 274 2
279 281 2
279 282 2
279 286 3
279 288 2
279 294 2
279 295 2
279 298 2
279 300 2
279 304 2
279 325 2
279 328 2
279 356 2
279 358 2
279 380 2
279 385 2
279 398 2
279 405 3
279 421 2
279 422 2
279 423 3
279 436 2
279 455 2
279 463 2
279 472 2
279 479 2
279 483 3
279 489 2
279 510 2
279 511 2
279 523 2
279 526 2
279 528 2
279 535 2
279 546 2
279 566 2
279 588 2
279 602 2
279 604 2
279 616 2
279 629 2
279 632 2
279 640 2
279 651 2
279 655 2
279 680 2
279 688 2
279 692 2
279 727 2
279 732 2
279 739 2
279 748 2
279 751 2
279 752 2
279 840 2
279 879 2
279 931 2
279 945 2
280 8 3
280 12 3
280 64 3
280 89 3
280 96 3
280 100 3
280 114 3
280 127 3
280 165 3
280 172 3
280 174 3
280 175 3
280 183 3
280 190 3
280 191 3
280 213 3
280 234 3
280 237 3
280 257 3
280 258 3
280 265 3
280 272 3
280 298 3
280 347 3
280 462 3
280 479 3
280 483 3
280 504 3
280 510 3
280 511 3
280 517 3
280 603 3
280 615 3
280 642 3
280 661 3
280 705 3
280 863 3
281 4 5
281 42 5
281 50 5
281 66 5
281 70 5
281 86 5
281 100 5
281 153 5
281 163 5
281 173 5
281 190 5
281 197 5
281 204 5
281 207 5
281 210 5
281 216 5
281 283 5
281 313 5
281 318 5
281 322 5
281 367 5
281 427 5
281 430 5
281 479 5
281 484 5
281 505 5
281 507 5
281 524 5
281 648 5
281 650 5
281 659 5
281 678 5
281 692 5
281 780 5
282 127 3
282 257 3
282 269 3
282 288 3
282 295 2
282 298 2
282 311 2
282 315 2
282 346 2
282 876 2
282 881 2
282 988 2
283 1 2
283 12 2
283 20 2
283 99 2
283 107 2
283 109 2
283 116 2
283 121 2
283 151 2
283 180 2
283 195 2
283 197 2
283 199 2
283 229 2
283 230 2
283 250 2
283 257 2
283 270 2
283 271 2
283 274 2
283 275 2
283 277 2
283 286 2
283 290 2
283 313 3
283 318 2
283 365 2
283 380 2
283 405 2
283 449 2
283 450 2
283 462 2
283 480 2
283 538 2
283 582 2
283 612 2
283 743 2
283 900 2
284 1 4
284 7 5
284 9 4
284 15 4
284 24 4
284 25 4
284 28 4
284 29 4
284 50 4
284 51 4
284 53 4
284 56 4
284 69 4
284 70 5
284 71 4
284 73 4
284 79 5
284 82 5
284 94 4
284 96 5
284 97 4
284 98 4
284 111 4
284 122 4
284 135 4
284 136 4
284 141 4
284 143 5
284 144 5
284 150 4
284 151 5
284 168 4
284 173 4
284 174 4
284 181 5
284 195 5
284 202 4
284 204 5
284 216 4
284 222 5
284 227 5
284 229 5
284 234 4
284 235 4
284 237 4
284 248 4
284 250 4
284 252 4
284 255 4
284 257 4
284 258 4
284 274 4
284 275 5
284 293 4
284 294 5
284 300 5
284 313 4
284 315 4
284 318 4
284 343 4
284 385 5
284 392 4
284 399 4
284 405 4
284 419 4
284 422 4
284 427 4
284 431 4
284 449 4
284 451 4
284 463 4
284 472 4
284 510 5
284 550 4
284 554 4
284 560 4
284 562 4
284 568 4
284 578 4
284 588 4
284 597 4
284 625 4
284 651 5
284 655 4
284 665 4
284 679 4
284 692 4
284 699 4
284 746 4
284 778 4
284 823 4
284 829 4
284 849 4
284 879 5
284 924 4
284 926 4
285 288 3
285 289 2
285 303 2
285 307 3
285 313 2
285 319 3
285 321 2
285 326 2
285 330 2
285 347 2
285 748 2
286 1 3
286 3 4
286 7 3
286 10 4
286 13 4
286 14 4
286 15 4
286 93 4
286 109 4
286 111 3
286 121 3
286 123 4
286 124 4
286 125 3
286 127 4
286 129 4
286 137 4
286 146 4
286 147 3
286 150 4
286 151 3
286 181 3
286 220 4
286 221 4
286 235 4
286 236 4
286 237 3
286 245 3
286 248 4
286 250 4
286 255 4
286 257 4
286 258 3
286 262 4
286 264 4
286 270 4
286 273 3
286 275 4
286 276 4
286 277 4
286 280 4
286 282 3
286 284 4
286 285 4
286 286 4
286 287 4
286 295 4
286 298 3
286 299 4
286 300 3
286 305 4
286 319 4
286 321 4
286 322 4
286 327 4
286 331 4
286 332 4
286 333 4
286 460 4
286 471 3
286 475 4
286 476 4
286 508 4
286 591 4
286 595 4
286 597 3
286 620 4
286 628 4
286 678 4
286 689 4
286 690 4
286 696 4
286 717 4
286 718 4
286 742 4
286 748 3
286 762 4
286 766 4
286 818 4
286 823 4
286 846 4
286 864 4
286 872 4
286 874 4
286 879 4
286 880 4
286 882 4
286 886 4
286 887 4
286 924 4
286 935 4
286 936 4
286 975 4
286 994 4
286 995 4
287 1 3
287 2 2
287 3 2
287 4 3
287 12 3
287 17 2
287 25 2
287 28 2
287 31 2
287 38 2
287 42 3
287 43 2
287 45 2
287 48 2
287 49 2
287 50 3
287 55 2
287 58 2
287 66 2
287 68 2
287 69 2
287 71 2
287 73 2
287 76 2
287 77 2
287 79 3
287 81 2
287 82 3
287 87 2
287 88 2
287 92 2
287 95 2
287 96 3
287 97 2
287 99 2
287 100 3
287 111 3
287 117 3
287 121 3
287 125 2
287 128 2
287 133 2
287 136 2
287 140 2
287 143 2
287 144 3
287 150 3
287 160 2
287 161 2
287 172 3
287 174 3
287 176 3
287 179 3
287 181 3
287 183 3
287 188 2
287 191 2
287 194 3
287 195 3
287 196 3
287 202 3
287 206 2
287 215 2
287 216 3
287 218 2
287 222 3
287 226 2
287 227 3
287 230 3
287 232 2
287 237 3
287 239 2
287 249 2
287 252 2
287 255 2
287 257 2
287 258 3
287 259 2
287 260 2
287 265 3
287 270 2
287 272 2
287 273 3
287 276 3
287 280 2
287 282 3
287 286 3
287 288 3
287 289 2
287 293 2
287 294 2
287 298 2
287 300 2
287 318 2
287 333 2
287 347 2
287 356 2
287 366 2
287 367 2
287 378 2
287 402 2
287 411 2
287 412 2
287 423 3
287 432 2
287 455 2
287 462 2
287 470 2
287 471 2
287 474 3
287 501 2
287 540 2
287 541 2
287 546 3
287 549 2
287 550 2
287 566 2
287 572 2
287 578 2
287 588 2
287 591 2
287 596 2
287 597 3
287 620 2
287 627 2
287 628 2
287 651 2
287 652 3
287 658 2
287 672 2
287 679 2
287 684 2
287 685 2
287 686 2
287 692 2
287 710 2
287 713 2
287 727 2
287 732 2
287 735 2
287 739 2
287 742 2
287 747 2
287 748 2
287 768 2
287 772 2
287 779 2
287 781 2
287 790 2
287 794 2
287 820 2
287 823 2
287 833 2
287 845 2
287 921 2
287 932 2
287 939 2
287 941 2
287 955 2
287 956 2
287 978 2
288 1 2
288 8 2
288 9 2
288 11 2
288 22 2
288 28 2
288 33 2
288 58 2
288 64 2
288 69 2
288 70 2
288 83 2
288 87 2
288 96 2
288 98 2
288 111 2
288 133 2
288 135 2
288 154 2
288 164 1
288 168 2
288 172 2
288 173 2
288 176 2
288 180 2
288 181 2
288 182 2
288 183 2
288 185 2
288 186 2
288 190 2
288 196 2
288 198 1
288 199 2
288 200 2
288 203 2
288 207 1
288 208 2
288 210 2
288 211 2
288 222 2
288 228 2
288 230 2
288 238 2
288 243 1
288 245 1
288 258 2
288 260 1
288 265 2
288 269 2
288 289 2
288 292 2
288 299 1
288 304 1
288 318 2
288 328 2
288 333 1
288 357 2
288 358 1
288 385 2
288 405 2
288 414 1
288 419 2
288 429 2
288 434 1
288 468 1
288 474 2
288 480 2
288 485 2
288 491 1
288 493 1
288 496 2
288 498 2
288 500 1
288 510 2
288 511 2
288 514 1
288 515 2
288 520 1
288 521 1
288 523 2
288 526 2
288 527 2
288 568 2
288 605 1
288 612 1
288 655 2
288 659 2
288 662 1
288 692 2
288 707 1
288 724 2
288 732 2
288 748 2
288 776 1
288 845 2
288 880 1
288 890 1
289 243 4
289 258 4
289 259 4
289 260 4
289 261 4
289 263 4
289 264 4
289 266 4
289 268 4
289 270 4
289 271 4
289 272 4
289 286 4
289 288 4
289 289 4
289 292 4
289 294 4
289 301 4
289 302 4
289 303 4
289 308 4
289 310 4
289 313 3
289 315 4
289 316 4
289 321 4
289 324 4
289 325 4
289 326 4
289 327 4
289 330 4
289 331 4
289 332 4
289 333 4
289 334 5
289 339 4
289 340 4
289 342 4
289 343 4
289 349 4
289 353 4
289 355 4
289 358 4
289 457 4
289 538 4
289 539 4
289 678 4
289 681 4
289 682 4
289 687 4
289 689 4
289 750 4
289 751 4
289 752 4
289 872 4
289 873 4
289 874 4
289 875 4
289 881 4
289 883 4
289 887 4
289 890 4
289 892 4
289 902 4
289 908 4
289 948 4
289 988 4
289 989 4
289 991 4
290 1 3
290 7 2
290 9 3
290 15 3
290 50 3
290 93 3
290 117 3
290 124 3
290 126 3
290 127 3
290 150 3
290 151 3
290 181 3
290 224 3
290 237 3
290 246 2
290 257 2
290 258 3
290 273 3
290 277 3
290 284 3
290 286 3
290 292 3
290 293 3
290 298 3
290 302 2
290 333 2
290 410 3
290 475 3
290 515 3
290 596 3
290 764 3
290 847 3
290 919 3
290 926 3
290 993 2
291 7 3
291 19 2
291 45 2
291 100 3
291 124 2
291 129 2
291 236 2
291 237 3
291 258 3
291 273 3
291 286 3
291 340 2
291 475 3
291 657 2
291 900 2
292 45 3
292 56 3
292 64 4
292 69 4
292 83 3
292 97 3
292 100 4
292 124 3
292 127 3
292 134 3
292 137 3
292 185 4
292 186 4
292 187 4
292 192 3
292 193 3
292 205 3
292 221 3
292 242 3
292 285 3
292 286 4
292 318 4
292 479 3
292 482 3
292 483 3
292 492 3
292 511 3
292 523 4
292 527 4
292 531 3
292 654 3
292 657 3
292 772 3
292 923 3
293 1 4
293 7 3
293 11 4
293 12 4
293 22 4
293 24 4
293 48 4
293 50 4
293 56 4
293 59 4
293 60 4
293 61 4
293 65 4
293 69 4
293 71 4
293 79 4
293 82 4
293 91 4
293 95 4
293 96 4
293 98 4
293 100 4
293 115 4
293 117 4
293 118 4
293 121 3
293 124 4
293 127 4
293 150 4
293 156 4
293 168 4
293 171 4
293 172 4
293 173 4
293 174 4
293 175 4
293 176 4
293 180 4
293 181 4
293 182 4
293 183 4
293 188 4
293 191 4
293 192 4
293 195 4
293 196 4
293 201 4
293 209 4
293 210 4
293 222 4
293 234 3
293 235 4
293 238 4
293 239 4
293 250 4
293 252 4
293 257 4
293 258 4
293 260 4
293 264 4
293 265 4
293 271 4
293 273 4
293 275 4
293 284 4
293 288 4
293 298 4
293 300 4
293 318 4
293 323 4
293 327 4
293 328 4
293 343 4
293 357 4
293 369 4
293 405 4
293 411 4
293 423 4
293 431 4
293 455 4
293 462 4
293 475 4
293 483 4
293 527 4
293 528 4
293 546 4
293 550 4
293 597 4
293 647 4
293 652 4
293 684 4
293 687 4
293 693 4
293 742 4
293 746 4
293 751 4
293 754 4
293 762 4
293 763 4
293 876 4
293 886 4
293 890 4
293 925 4
294 1 4
294 9 3
294 15 3
294 64 3
294 65 3
294 86 3
294 98 4
294 100 4
294 126 3
294 174 4
294 183 4
294 191 3
294 194 3
294 222 4
294 237 4
294 286 3
294 289 3
294 294 3
294 322 3
294 357 4
294 479 3
294 507 3
294 528 3
294 748 3
294 924 3
295 2 4
295 4 4
295 11 4
295 29 4
295 44 4
295 50 4
295 53 4
295 54 4
295 56 4
295 62 4
295 64 4
295 68 4
295 69 4
295 71 4
295 79 4
295 84 4
295 86 4
295 88 4
295 89 4
295 90 4
295 91 4
295 94 4
295 95 4
295 98 4
295 101 4
295 109 4
295 120 4
295 127 3
295 132 4
295 133 4
295 139 4
295 140 4
295 144 4
295 145 4
295 147 4
295 153 4
295 155 4
295 157 4
295 158 4
295 161 4
295 162 4
295 163 4
295 167 4
295 168 4
295 172 4
295 173 4
295 174 4
295 176 4
295 179 4
295 181 4
295 184 4
295 186 4
295 188 4
295 191 4
295 195 4
295 200 4
295 201 4
295 202 4
295 214 4
295 216 4
295 217 4
295 219 4
295 222 4
295 226 4
295 227 4
295 228 4
295 229 4
295 230 4
295 231 4
295 232 4
295 234 4
295 235 4
295 265 4
295 282 4
295 288 4
295 357 4
295 379 4
295 380 4
295 385 4
295 386 4
295 389 4
295 391 4
295 392 4
295 395 4
295 402 4
295 403 4
295 404 4
295 413 4
295 416 4
295 417 4
295 421 4
295 423 4
295 431 4
295 433 4
295 435 4
295 444 4
295 447 4
295 449 4
295 452 4
295 465 4
295 470 4
295 472 4
295 478 4
295 479 4
295 496 4
295 501 4
295 504 4
295 505 4
295 507 4
295 523 4
295 550 4
295 559 4
295 566 4
295 575 4
295 581 4
295 616 4
295 622 4
295 629 4
295 642 4
295 650 4
295 658 4
295 660 4
295 665 4
295 671 4
295 674 4
295 679 4
295 684 4
295 705 4
295 732 4
295 742 4
295 768 4
295 770 4
295 790 4
295 796 4
295 797 4
295 831 4
295 843 4
295 924 4
295 944 4
296 7 3
296 10 3
296 17 3
296 33 3
296 38 3
296 39 3
296 42 3
296 50 4
296 53 3
296 56 4
296 64 4
296 77 3
296 87 3
296 96 3
296 97 4
296 98 4
296 99 3
296 109 3
296 132 3
296 133 3
296 135 4
296 136 3
296 141 3
296 142 3
296 143 3
296 147 3
296 150 3
296 154 3
296 156 3
296 158 3
296 164 3
296 172 3
296 173 4
296 181 4
296 183 4
296 186 3
296 204 3
296 222 3
296 227 3
296 228 3
296 229 3
296 246 3
296 268 3
296 288 3
296 318 3
296 356 3
296 378 3
296 380 3
296 393 3
296 417 3
296 418 3
296 420 3
296 421 3
296 433 3
296 469 3
296 480 3
296 484 3
296 485 3
296 509 3
296 526 3
296 528 3
296 532 3
296 554 3
296 561 3
296 607 3
296 625 3
296 633 3
296 727 3
296 743 3
296 746 3
296 774 3
296 825 3
296 921 3
297 1 3
297 2 4
297 3 4
297 11 4
297 12 4
297 13 4
297 19 4
297 24 4
297 25 3
297 28 4
297 31 4
297 38 4
297 39 4
297 54 4
297 56 4
297 66 4
297 67 4
297 70 4
297 71 4
297 72 4
297 77 4
297 79 4
297 80 4
297 87 4
297 89 4
297 94 4
297 95 4
297 96 4
297 97 4
297 98 4
297 99 4
297 100 3
297 101 4
297 105 4
297 108 4
297 109 4
297 114 4
297 118 4
297 122 4
297 127 4
297 139 4
297 145 4
297 152 3
297 153 4
297 155 4
297 161 4
297 163 4
297 164 4
297 167 4
297 168 4
297 173 4
297 174 4
297 175 3
297 181 4
297 183 4
297 185 4
297 186 4
297 187 4
297 188 4
297 189 4
297 194 4
297 195 4
297 197 4
297 202 4
297 204 4
297 208 4
297 217 4
297 222 4
297 225 4
297 227 4
297 228 4
297 229 4
297 230 4
297 233 4
297 234 4
297 240 4
297 242 4
297 248 4
297 250 4
297 252 4
297 257 4
297 258 4
297 260 4
297 268 3
297 273 4
297 274 4
297 288 4
297 291 4
297 325 4
297 358 4
297 363 4
297 364 4
297 373 4
297 381 4
297 382 3
297 384 4
297 385 4
297 386 4
297 393 4
297 395 4
297 399 4
297 403 4
297 405 4
297 407 4
297 408 4
297 412 4
297 418 4
297 423 4
297 431 4
297 432 4
297 451 4
297 452 4
297 455 4
297 465 4
297 472 4
297 475 4
297 501 4
297 508 4
297 510 4
297 526 4
297 540 4
297 545 4
297 549 4
297 550 4
297 552 4
297 559 4
297 562 4
297 566 4
297 568 4
297 570 4
297 575 4
297 577 4
297 578 4
297 588 4
297 590 4
297 597 4
297 603 4
297 625 4
297 627 4
297 645 4
297 651 4
297 652 4
297 655 4
297 657 4
297 679 4
297 692 4
297 716 4
297 721 4
297 722 4
297 724 4
297 731 4
297 741 4
297 748 4
297 758 4
297 765 4
297 771 4
297 780 4
297 781 4
297 783 4
297 790 4
297 792 4
297 797 4
297 802 4
297 808 4
297 809 4
297 810 4
297 840 4
297 849 4
297 864 4
297 940 4
297 943 4
297 1000 4
298 10 2
298 11 2
298 12 2
298 23 2
298 32 2
298 50 3
298 53 2
298 54 2
298 56 3
298 59 2
298 61 2
298 79 3
298 83 2
298 89 2
298 98 3
298 121 3
298 124 2
298 127 3
298 136 2
298 137 2
298 144 2
298 150 2
298 151 2
298 156 2
298 160 2
298 164 2
298 168 2
298 171 2
298 172 2
298 175 2
298 176 2
298 182 2
298 183 2
298 186 2
298 187 2
298 191 2
298 192 2
298 197 2
298 202 2
298 203 2
298 204 3
298 210 2
298 218 2
298 222 2
298 228 2
298 229 2
298 258 2
298 262 2
298 271 2
298 275 2
298 288 2
298 293 2
298 302 2
298 340 2
298 381 2
298 425 2
298 435 2
298 443 2
298 447 2
298 448 2
298 449 2
298 464 2
298 474 2
298 475 2
298 483 3
298 484 2
298 486 2
298 489 2
298 512 2
298 515 2
298 522 2
298 525 2
298 548 2
298 554 2
298 558 2
298 594 2
298 607 2
298 628 2
298 631 2
298 649 2
298 652 2
298 656 2
298 664 2
298 675 2
298 693 2
298 754 2
298 772 2
298 806 2
298 887 2
298 919 2
298 922 2
298 933 2
298 985 2
299 7 3
299 8 3
299 11 3
299 12 3
299 50 3
299 69 3
299 87 3
299 97 3
299 117 3
299 132 3
299 153 3
299 157 3
299 176 3
299 177 3
299 181 3
299 182 3
299 183 3
299 191 3
299 193 3
299 194 3
299 198 3
299 202 3
299 207 2
299 210 3
299 213 3
299 215 2
299 238 3
299 251 2
299 271 2
299 272 2
299 275 3
299 295 2
299 300 3
299 301 2
299 312 2
299 313 2
299 318 3
299 326 3
299 357 3
299 414 2
299 425 2
299 427 3
299 463 2
299 474 2
299 482 2
299 483 3
299 484 3
299 486 2
299 497 2
299 511 3
299 514 2
299 516 2
299 520 3
299 521 3
299 530 3
299 539 2
299 605 2
299 651 3
299 657 3
299 661 2
299 663 2
299 690 2
299 692 3
299 742 2
299 750 2
299 879 2
299 886 2
299 887 2
299 902 2
300 1 3
300 3 3
300 8 3
300 9 3
300 15 3
300 25 3
300 28 3
300 30 3
300 39 3
300 42 3
300 43 3
300 44 3
300 45 3
300 50 4
300 56 3
300 58 3
300 59 3
300 61 3
300 62 3
300 69 3
300 70 3
300 72 3
300 77 3
300 83 3
300 88 3
300 89 3
300 94 3
300 97 3
300 98 3
300 100 3
300 116 3
300 118 3
300 120 3
300 125 3
300 129 3
300 133 3
300 135 3
300 143 3
300 147 3
300 159 3
300 164 3
300 172 3
300 175 3
300 179 3
300 181 3
300 196 3
300 204 3
300 208 3
300 210 3
300 211 3
300 216 3
300 217 3
300 223 3
300 234 3
300 235 3
300 238 3
300 244 3
300 245 3
300 246 3
300 250 3
300 252 3
300 255 3
300 257 3
300 268 3
300 274 3
300 275 3
300 276 3
300 281 3
300 282 3
300 283 3
300 284 3
300 285 3
300 287 3
300 294 4
300 298 3
300 300 4
300 301 3
300 304 3
300 316 3
300 319 3
300 325 3
300 381 3
300 386 3
300 387 3
300 393 3
300 396 3
300 405 3
300 407 3
300 412 3
300 421 3
300 448 3
300 464 3
300 469 3
300 471 3
300 472 3
300 475 3
300 476 3
300 479 3
300 498 3
300 509 3
300 514 3
300 517 3
300 522 3
300 529 3
300 531 3
300 535 3
300 553 3
300 559 3
300 568 3
300 569 3
300 584 3
300 611 3
300 619 3
300 639 3
300 640 3
300 660 3
300 662 3
300 665 3
300 699 3
300 709 3
300 714 3
300 721 3
300 729 3
300 735 3
300 739 3
300 742 3
300 762 3
300 768 3
300 775 3
300 780 3
300 781 3
300 815 3
300 821 3
300 827 3
300 836 3
300 845 3
300 930 3
300 964 3
300 971 3
300 988 3
300 996 3