301 191 2
301 204 2
301 269 2
301 283 2
301 423 2
301 484 2
301 515 2
301 604 2
302 243 3
302 269 3
302 286 3
302 313 3
302 315 3
302 326 3
302 328 3
302 333 3
302 678 3
303 258 4
303 268 4
303 269 4
303 294 3
303 300 4
303 303 4
303 305 4
303 325 4
303 333 3
303 340 4
303 682 4
303 995 4
304 64 4
304 143 4
304 194 4
304 245 4
304 286 4
304 418 4
304 480 4
304 492 4
304 604 4
304 606 4
304 705 4
305 137 3
305 272 3
305 327 3
305 650 3
305 651 3
305 750 3
305 886 3
306 121 4
306 126 3
306 127 4
306 151 4
306 252 3
306 289 3
306 405 4
306 924 3
307 111 3
307 118 3
307 181 3
307 220 2
307 252 3
307 258 3
307 298 3
307 301 3
307 471 2
307 476 3
307 546 3
307 845 3
307 926 2
308 245 3
308 288 3
308 300 3
308 873 3
308 879 3
309 268 3
309 270 3
309 292 3
309 300 3
309 302 3
309 310 3
309 313 3
309 332 3
309 346 3
309 682 3
309 690 3
309 880 3
310 21 1
310 94 2
310 181 3
310 240 2
310 300 2
310 596 1
310 597 2
311 64 3
311 111 3
311 151 3
311 251 2
311 257 2
311 272 2
311 750 2
311 751 2
312 1 4
312 9 4
312 100 4
312 129 4
312 268 5
312 276 4
312 286 4
312 300 4
312 742 4
313 243 4
313 286 4
313 288 4
313 310 4
313 313 4
313 315 4
313 323 4
313 333 4
313 748 4
314 258 4
314 272 4
314 288 4
314 319 3
314 362 4
314 882 4
314 891 4
315 243 4
315 259 4
315 288 4
315 294 4
315 321 4
315 339 4
315 342 4
315 359 4
315 410 4
315 597 4
315 687 4
315 875 4
315 988 4
316 14 3
316 237 3
316 245 3
316 272 3
316 313 3
316 321 3
316 676 3
317 272 4
317 315 4
317 316 4
317 319 4
317 345 4
318 98 5
318 173 5
318 245 4
318 269 4
318 286 5
318 288 4
318 294 5
318 301 5
318 313 4
318 315 4
318 347 5
318 752 5
319 271 4
319 288 4
319 289 4
319 301 4
319 304 5
319 308 5
319 310 4
319 331 5
319 338 5
319 877 5
319 938 5
319 989 5
320 269 2
320 271 2
320 288 2
320 294 3
320 300 2
320 305 2
320 325 2
320 327 2
320 333 2
320 343 2
320 890 1
321 100 4
321 150 4
321 151 3
321 168 4
321 191 4
321 194 4
321 198 4
321 205 4
321 222 4
321 276 4
321 288 4
321 313 4
321 682 4
321 902 4
322 1 2
322 24 2
322 147 2
322 254 2
322 405 2
322 410 2
322 471 2
322 473 2
322 742 2
323 100 4
323 264 4
323 328 4
323 456 4
323 687 4
323 876 4
323 881 4
323 948 4
324 245 1
324 270 1
324 289 1
324 294 2
324 309 1
324 322 1
324 328 1
324 879 1
325 237 3
325 271 3
325 278 3
325 288 3
325 298 3
325 300 3
325 313 3
325 328 3
325 343 3
325 682 3
325 742 3
325 763 3
326 13 4
326 25 3
326 100 4
326 111 4
326 116 3
326 150 3
326 235 3
326 283 3
326 306 3
326 476 3
326 756 3
327 258 3
327 300 3
327 303 3
327 319 3
327 333 3
327 334 3
328 14 5
328 50 4
328 222 4
328 258 5
328 748 5
328 832 5
328 845 5
329 245 4
329 264 4
329 268 4
329 322 3
329 323 3
329 328 3
329 354 3
329 678 4
329 748 4
329 879 3
330 259 3
330 267 3
330 268 3
330 301 3
330 306 3
330 333 3
330 338 3
330 346 3
330 682 3
330 751 3
330 879 3
331 1 5
331 5 4
331 7 4
331 8 4
331 9 4
331 11 5
331 12 4
331 22 4
331 31 4
331 38 4
331 53 4
331 54 4
331 56 4
331 70 5
331 73 4
331 77 4
331 79 5
331 82 4
331 95 4
331 96 5
331 97 4
331 98 4
331 105 4
331 106 4
331 117 5
331 118 4
331 120 4
331 121 4
331 122 4
331 123 4
331 125 4
331 127 4
331 144 5
331 156 4
331 159 4
331 172 5
331 174 5
331 181 5
331 182 4
331 204 5
331 210 5
331 218 4
331 222 5
331 227 4
331 228 4
331 229 4
331 230 5
331 232 4
331 233 4
331 234 4
331 235 4
331 237 4
331 240 4
331 249 4
331 255 4
331 257 4
331 258 4
331 264 4
331 265 4
331 271 4
331 273 4
331 282 4
331 288 5
331 291 4
331 293 5
331 294 4
331 295 4
331 298 4
331 300 4
331 307 4
331 313 5
331 322 4
331 323 4
331 326 4
331 327 4
331 328 4
331 332 4
331 333 4
331 342 4
331 356 4
331 369 4
331 370 4
331 405 5
331 406 4
331 409 4
331 410 4
331 449 4
331 450 4
331 451 4
331 452 4
331 456 4
331 470 4
331 546 4
331 566 4
331 595 4
331 597 5
331 628 4
331 651 4
331 655 4
331 660 4
331 673 4
331 679 4
331 684 4
331 693 4
331 696 4
331 728 4
331 746 4
331 756 4
331 763 4
331 770 4
331 815 4
331 824 4
331 827 4
331 831 4
331 833 4
331 840 4
331 841 4
331 845 4
331 866 4
331 871 4
331 879 4
331 895 4
331 928 4
331 931 4
331 934 4
331 975 4
331 978 4
331 982 4
331 983 4
332 88 3
332 153 3
332 168 3
332 180 3
332 186 3
332 269 3
332 294 3
332 315 3
332 316 3
332 435 3
332 513 3
332 748 3
332 873 3
333 4 3
333 7 3
333 8 3
333 9 3
333 12 3
333 13 3
333 19 3
333 20 3
333 22 3
333 23 3
333 28 3
333 42 3
333 50 3
333 52 3
333 56 3
333 58 3
333 59 3
333 61 3
333 68 3
333 69 3
333 70 3
333 72 3
333 73 3
333 74 3
333 77 3
333 79 3
333 81 3
333 86 3
333 89 3
333 91 3
333 93 3
333 95 3
333 98 3
333 100 3
333 111 3
333 115 3
333 116 3
333 117 3
333 124 3
333 125 3
333 127 3
333 131 3
333 132 3
333 134 3
333 135 3
333 143 3
333 150 3
333 153 3
333 154 3
333 155 3
333 160 3
333 163 3
333 164 3
333 168 3
333 169 3
333 170 3
333 171 3
333 172 3
333 173 3
333 174 3
333 175 3
333 176 3
333 181 4
333 182 3
333 183 3
333 185 3
333 186 3
333 191 3
333 196 3
333 197 3
333 200 3
333 203 3
333 204 3
333 207 3
333 210 3
333 213 3
333 216 3
333 217 3
333 220 3
333 221 3
333 222 3
333 223 3
333 224 3
333 225 3
333 227 3
333 228 3
333 229 3
333 230 3
333 231 3
333 235 3
333 237 3
333 238 3
333 239 3
333 244 3
333 245 3
333 248 3
333 250 3
333 255 3
333 257 3
333 258 4
333 265 3
333 268 3
333 269 3
333 271 3
333 272 3
333 275 3
333 276 3
333 277 3
333 282 3
333 283 3
333 285 3
333 286 3
333 287 3
333 288 3
333 289 3
333 293 3
333 297 3
333 300 3
333 301 3
333 303 3
333 305 3
333 306 3
333 310 3
333 311 3
333 312 3
333 313 3
333 315 3
333 316 3
333 317 3
333 318 3
333 319 3
333 322 3
333 324 3
333 326 3
333 328 3
333 333 3
333 337 3
333 338 3
333 340 3
333 345 3
333 346 3
333 347 3
333 371 3
333 396 3
333 405 3
333 408 3
333 421 3
333 423 3
333 425 3
333 428 3
333 429 3
333 430 3
333 433 3
333 436 3
333 443 3
333 449 3
333 450 3
333 461 3
333 462 3
333 474 3
333 475 3
333 476 3
333 481 3
333 483 3
333 484 3
333 485 3
333 488 3
333 494 3
333 498 3
333 500 3
333 502 3
333 505 3
333 506 3
333 508 3
333 510 3
333 512 3
333 514 3
333 515 3
333 521 3
333 525 3
333 529 3
333 537 3
333 553 3
333 558 3
333 566 3
333 577 3
333 582 3
333 591 3
333 603 3
333 606 3
333 607 3
333 620 3
333 628 3
333 629 3
333 631 3
333 634 3
333 635 3
333 640 3
333 642 3
333 652 3
333 655 3
333 657 3
333 658 3
333 663 3
333 675 3
333 678 3
333 684 3
333 689 3
333 693 3
333 707 3
333 708 3
333 709 3
333 710 3
333 712 3
333 716 3
333 736 3
333 740 3
333 742 3
333 744 3
333 746 3
333 753 3
333 762 3
333 792 3
333 815 3
333 840 3
333 845 3
333 846 3
333 855 3
333 856 3
333 865 3
333 870 3
333 877 3
333 879 3
333 886 3
333 887 3
333 888 3
333 896 3
333 899 3
333 902 3
333 905 3
333 906 3
333 922 3
333 931 3
333 936 3
333 937 3
333 945 3
333 950 3
333 955 3
333 961 3
333 969 3
334 245 4
334 258 4
334 269 3
334 288 4
334 307 4
334 313 4
334 324 4
334 342 4
334 347 4
334 748 4
334 902 3
335 3 2
335 4 3
335 13 3
335 15 2
335 26 2
335 33 2
335 41 2
335 42 2
335 49 2
335 56 2
335 66 2
335 67 2
335 88 2
335 94 2
335 100 3
335 105 2
335 111 3
335 117 3
335 121 3
335 122 2
335 124 3
335 125 3
335 151 3
335 153 3
335 154 2
335 158 2
335 168 2
335 186 2
335 202 3
335 208 2
335 216 3
335 232 2
335 237 3
335 239 2
335 275 2
335 276 2
335 282 3
335 284 2
335 290 2
335 367 2
335 383 2
335 388 2
335 395 2
335 401 2
335 405 3
335 410 2
335 451 2
335 475 2
335 546 3
335 571 2
335 577 2
335 619 2
335 628 2
335 655 2
335 692 3
335 710 2
335 722 2
335 732 2
335 738 2
335 742 3
335 762 2
335 763 2
335 765 2
335 780 2
335 781 2
335 785 2
335 790 2
335 796 2
335 824 2
335 859 2
335 864 2
335 959 2
335 998 2
335 999 2
336 15 3
336 50 4
336 106 3
336 121 3
336 127 3
336 181 3
336 228 3
336 230 3
336 235 3
336 257 3
336 371 3
336 380 3
336 392 3
336 515 3
336 520 3
336 631 3
336 742 3
336 831 3
337 1 5
337 56 5
337 79 5
337 83 5
337 132 5
337 133 5
337 134 5
337 135 5
337 168 5
337 170 5
337 174 5
337 175 5
337 180 5
337 189 5
337 194 5
337 204 5
337 208 5
337 211 5
337 212 5
337 213 5
337 215 5
337 216 5
337 269 5
337 294 5
337 301 5
337 306 5
337 310 5
337 435 5
337 443 5
337 462 5
337 474 5
337 480 5
337 483 5
337 484 5
337 486 5
337 488 5
337 490 5
337 494 5
337 498 5
337 511 5
337 513 5
337 514 5
337 516 5
337 523 5
337 525 5
337 582 5
337 604 5
337 607 5
337 613 5
337 650 5
337 654 5
337 708 5
337 792 5
337 945 5
338 1 4
338 4 5
338 5 4
338 7 4
338 11 5
338 12 5
338 22 4
338 23 4
338 25 4
338 28 4
338 29 4
338 30 4
338 32 5
338 42 4
338 47 4
338 50 5
338 55 5
338 56 5
338 58 4
338 64 5
338 65 4
338 67 4
338 69 4
338 73 4
338 74 5
338 76 4
338 79 5
338 80 5
338 81 5
338 82 4
338 86 5
338 88 4
338 89 5
338 91 4
338 97 4
338 98 4
338 100 5
338 101 5
338 117 5
338 121 4
338 124 4
338 126 4
338 127 5
338 130 5
338 131 4
338 132 5
338 133 4
338 134 4
338 135 5
338 136 4
338 139 4
338 144 5
338 145 5
338 150 4
338 151 4
338 153 5
338 154 5
338 156 5
338 157 4
338 159 5
338 160 5
338 161 4
338 163 5
338 167 5
338 168 5
338 170 4
338 174 4
338 175 5
338 179 5
338 180 4
338 181 5
338 183 4
338 186 5
338 188 5
338 190 5
338 191 4
338 192 5
338 194 4
338 195 4
338 196 4
338 197 4
338 198 4
338 199 5
338 203 5
338 204 4
338 205 4
338 208 4
338 209 5
338 214 5
338 222 5
338 226 4
338 227 4
338 228 5
338 231 4
338 233 4
338 235 5
338 238 5
338 240 4
338 248 5
338 257 4
338 258 5
338 265 4
338 269 5
338 270 5
338 276 4
338 286 5
338 288 5
338 298 4
338 302 5
338 317 4
338 327 4
338 347 5
338 357 5
338 380 5
338 383 4
338 402 4
338 403 5
338 404 4
338 410 5
338 411 4
338 415 5
338 427 4
338 428 4
338 431 5
338 433 5
338 435 5
338 436 4
338 447 4
338 449 4
338 451 5
338 461 4
338 469 4
338 474 4
338 475 5
338 478 4
338 479 4
338 483 4
338 484 4
338 485 4
338 496 4
338 498 4
338 503 4
338 508 4
338 509 4
338 514 4
338 515 5
338 516 5
338 521 4
338 522 5
338 523 4
338 525 5
338 527 4
338 528 4
338 530 4
338 546 5
338 549 4
338 550 4
338 566 4
338 568 5
338 573 4
338 582 4
338 603 4
338 607 4
338 614 4
338 631 4
338 632 4
338 636 5
338 637 4
338 640 5
338 642 4
338 649 4
338 650 5
338 655 4
338 657 4
338 661 4
338 663 4
338 673 4
338 675 4
338 678 5
338 693 5
338 702 5
338 709 4
338 719 4
338 735 4
338 737 5
338 739 4
338 770 5
338 772 4
338 806 5
338 823 5
338 845 4
338 856 5
338 939 4
338 942 4
338 961 5
339 1 4
339 15 4
339 50 4
339 66 4
339 71 4
339 143 4
339 172 4
339 174 4
339 179 4
339 181 5
339 205 4
339 215 4
339 265 4
339 274 4
339 402 4
339 405 4
339 423 4
339 435 4
339 486 4
339 502 4
339 504 4
339 520 4
339 526 4
339 584 4
339 662 4
339 946 4
340 3 3
340 4 3
340 7 3
340 8 3
340 11 4
340 13 3
340 15 3
340 23 4
340 25 3
340 26 3
340 28 3
340 47 3
340 56 3
340 58 3
340 68 3
340 92 3
340 93 3
340 95 3
340 98 3
340 100 3
340 108 3
340 111 3
340 122 3
340 123 3
340 124 3
340 129 3
340 131 3
340 132 3
340 133 3
340 134 3
340 135 3
340 143 3
340 144 3
340 156 4
340 160 3
340 174 3
340 175 4
340 179 3
340 188 3
340 189 4
340 191 3
340 192 3
340 193 3
340 194 3
340 196 3
340 197 3
340 204 3
340 208 3
340 209 3
340 212 3
340 216 3
340 223 3
340 237 3
340 238 3
340 240 3
340 248 3
340 251 3
340 255 3
340 257 3
340 262 3
340 274 3
340 276 3
340 282 3
340 286 3
340 287 3
340 288 3
340 289 3
340 294 3
340 297 3
340 298 3
340 301 3
340 319 3
340 320 3
340 326 3
340 327 3
340 367 3
340 378 3
340 381 3
340 382 3
340 408 4
340 412 3
340 421 3
340 423 3
340 427 3
340 433 3
340 461 3
340 483 3
340 487 3
340 496 3
340 499 3
340 508 3
340 517 3
340 518 3
340 523 3
340 531 3
340 535 3
340 544 3
340 547 3
340 558 3
340 574 3
340 581 3
340 584 3
340 591 3
340 606 3
340 607 3
340 654 3
340 655 3
340 656 3
340 657 3
340 663 3
340 692 3
340 699 3
340 723 3
340 724 3
340 727 3
340 732 3
340 746 3
340 756 3
340 762 3
340 764 3
340 772 3
340 789 3
340 792 3
340 813 3
340 818 3
340 844 3
340 846 3
340 866 3
340 873 3
340 875 3
340 928 3
340 950 3
340 965 3
340 975 3
341 1 4
341 4 4
341 7 4
341 8 4
341 9 4
341 10 4
341 11 4
341 12 4
341 20 4
341 23 4
341 25 5
341 26 4
341 28 4
341 38 4
341 42 4
341 44 4
341 47 4
341 48 4
341 50 4
341 52 4
341 53 4
341 55 4
341 56 4
341 57 4
341 58 4
341 62 4
341 63 4
341 65 4
341 66 4
341 67 4
341 68 4
341 69 4
341 76 4
341 77 4
341 79 4
341 81 4
341 82 4
341 83 4
341 86 4
341 87 4
341 90 4
341 97 4
341 98 4
341 100 4
341 117 4
341 118 4
341 121 4
341 124 4
341 127 4
341 132 4
341 134 4
341 135 4
341 137 4
341 143 4
341 144 4
341 147 4
341 152 4
341 153 4
341 155 4
341 156 4
341 159 4
341 163 4
341 164 4
341 168 4
341 169 4
341 174 4
341 176 4
341 177 4
341 179 4
341 180 5
341 186 4
341 187 4
341 188 4
341 189 4
341 193 5
341 194 4
341 196 5
341 197 4
341 199 4
341 200 4
341 208 4
341 211 4
341 214 4
341 223 4
341 228 4
341 229 4
341 231 4
341 234 4
341 235 4
341 236 4
341 237 4
341 241 4
341 250 4
341 257 4
341 265 4
341 269 5
341 275 4
341 276 4
341 277 4
341 283 4
341 288 4
341 297 4
341 302 5
341 303 4
341 306 4
341 318 4
341 324 4
341 333 4
341 334 4
341 357 4
341 358 4
341 371 4
341 375 4
341 382 4
341 385 4
341 405 4
341 408 4
341 410 4
341 423 4
341 427 4
341 429 4
341 435 4
341 449 4
341 461 4
341 462 4
341 463 4
341 471 4
341 473 4
341 474 4
341 475 4
341 476 4
341 483 4
341 498 4
341 499 4
341 508 4
341 510 4
341 515 4
341 521 4
341 523 4
341 527 4
341 528 4
341 530 4
341 536 4
341 546 4
341 555 4
341 559 4
341 561 4
341 568 4
341 569 4
341 581 4
341 582 4
341 606 4
341 614 4
341 631 4
341 642 4
341 654 4
341 655 5
341 657 4
341 660 4
341 684 4
341 702 4
341 703 4
341 708 4
341 712 4
341 724 4
341 727 4
341 729 4
341 739 4
341 744 4
341 747 4
341 778 4
341 786 4
341 792 4
341 823 4
341 919 4
341 921 4
341 930 4
341 931 4
341 943 4
341 950 4
341 951 4
341 961 4
341 980 4
342 1 3
342 4 3
342 5 2
342 8 3
342 9 3
342 11 2
342 12 3
342 13 3
342 14 3
342 22 2
342 25 2
342 26 2
342 39 2
342 45 2
342 58 2
342 70 3
342 71 2
342 73 2
342 79 3
342 86 2
342 87 2
342 88 2
342 89 3
342 95 2
342 96 3
342 97 2
342 98 3
342 111 3
342 118 2
342 119 2
342 121 3
342 122 2
342 124 3
342 125 2
342 127 3
342 129 2
342 132 3
342 137 2
342 151 3
342 169 2
342 172 3
342 174 3
342 176 3
342 181 3
342 183 3
342 190 2
342 191 3
342 195 3
342 196 3
342 198 2
342 202 3
342 203 2
342 204 3
342 208 2
342 210 2
342 216 3
342 222 3
342 228 3
342 235 2
342 237 2
342 244 2
342 245 2
342 246 2
342 248 2
342 251 2
342 255 2
342 268 3
342 269 3
342 272 2
342 273 2
342 275 2
342 276 3
342 278 2
342 280 2
342 281 2
342 283 2
342 284 2
342 285 2
342 286 3
342 288 3
342 291 2
342 295 2
342 297 2
342 298 2
342 301 2
342 303 2
342 304 2
342 311 2
342 313 3
342 315 2
342 316 2
342 322 2
342 357 3
342 367 2
342 385 2
342 405 2
342 421 2
342 433 3
342 451 2
342 459 2
342 462 2
342 471 2
342 472 2
342 476 2
342 477 2
342 478 2
342 479 3
342 486 2
342 487 2
342 494 2
342 508 2
342 509 2
342 511 2
342 516 2
342 535 2
342 537 2
342 559 2
342 562 2
342 568 2
342 597 2
342 619 2
342 647 2
342 660 2
342 663 2
342 678 2
342 684 2
342 694 2
342 696 2
342 707 2
342 708 2
342 709 2
342 713 2
342 716 2
342 742 2
342 751 2
342 764 2
342 815 2
342 844 2
342 845 2
342 864 2
342 926 2
342 928 2
342 955 2
342 972 2
343 1 3
343 4 3
343 5 3
343 9 3
343 11 3
343 15 3
343 25 3
343 26 3
343 28 3
343 33 3
343 43 3
343 44 3
343 48 3
343 49 3
343 50 3
343 51 3
343 56 3
343 64 3
343 65 3
343 66 3
343 69 3
343 71 3
343 77 3
343 79 3
343 81 3
343 87 3
343 88 3
343 93 3
343 98 3
343 100 3
343 111 3
343 117 3
343 118 3
343 124 3
343 125 3
343 126 3
343 131 3
343 132 3
343 137 3
343 143 3
343 148 3
343 151 3
343 170 3
343 172 3
343 173 3
343 174 3
343 191 3
343 196 3
343 197 3
343 202 3
343 204 3
343 216 3
343 220 3
343 221 3
343 223 3
343 226 3
343 235 3
343 237 3
343 239 3
343 241 3
343 245 3
343 246 3
343 251 3
343 255 3
343 262 3
343 268 3
343 269 3
343 272 3
343 278 3
343 280 3
343 282 3
343 283 3
343 284 3
343 285 3
343 287 3
343 288 3
343 289 3
343 291 3
343 293 3
343 294 3
343 295 3
343 297 3
343 298 3
343 300 3
343 301 3
343 302 3
343 303 3
343 305 3
343 311 3
343 312 3
343 313 4
343 315 3
343 317 3
343 323 3
343 332 3
343 333 3
343 356 3
343 365 3
343 367 3
343 378 3
343 381 3
343 382 3
343 387 3
343 402 3
343 403 3
343 405 3
343 416 3
343 433 3
343 443 3
343 451 3
343 461 3
343 464 3
343 471 3
343 473 3
343 476 3
343 479 3
343 481 3
343 485 3
343 498 3
343 508 3
343 518 3
343 534 3
343 535 3
343 550 3
343 559 3
343 566 3
343 568 3
343 582 3
343 588 3
343 620 3
343 639 3
343 651 3
343 655 3
343 660 3
343 676 3
343 696 3
343 702 3
343 708 3
343 709 3
343 715 3
343 716 3
343 722 3
343 732 3
343 736 3
343 737 3
343 738 3
343 739 3
343 742 3
343 744 3
343 747 3
343 748 3
343 772 3
343 781 3
343 845 3
343 846 3
343 866 3
343 879 3
343 886 3
343 903 3
343 919 3
343 949 3
343 955 3
343 956 3
343 972 3
343 988 3
344 2 1
344 3 1
344 4 2
344 7 2
344 11 2
344 12 2
344 17 1
344 22 2
344 29 1
344 31 2
344 33 1
344 38 1
344 53 1
344 54 1
344 55 2
344 56 2
344 62 2
344 64 2
344 67 1
344 72 1
344 76 1
344 77 1
344 83 2
344 91 1
344 92 1
344 94 1
344 97 2
344 98 2
344 100 3
344 117 2
344 120 1
344 121 2
344 127 2
344 128 1
344 132 2
344 133 2
344 134 2
344 141 1
344 143 2
344 144 2
344 147 2
344 153 2
344 156 2
344 157 1
344 158 1
344 161 2
344 167 1
344 168 2
344 172 2
344 173 2
344 174 3
344 176 2
344 181 3
344 183 2
344 184 1
344 186 2
344 187 2
344 188 1
344 203 2
344 204 2
344 210 2
344 211 2
344 213 1
344 215 2
344 216 2
344 218 2
344 219 1
344 232 1
344 234 2
344 237 2
344 241 1
344 245 2
344 250 2
344 259 1
344 265 2
344 273 2
344 276 2
344 288 2
344 291 1
344 293 1
344 294 2
344 300 2
344 302 2
344 318 2
344 322 1
344 325 1
344 333 2
344 358 1
344 363 1
344 366 1
344 369 1
344 375 1
344 385 2
344 391 1
344 392 1
344 403 2
344 405 2
344 415 1
344 423 2
344 431 2
344 455 2
344 470 1
344 496 2
344 518 1
344 520 1
344 541 1
344 546 2
344 549 1
344 561 1
344 569 1
344 571 1
344 572 1
344 576 1
344 578 1
344 582 2
344 616 1
344 636 1
344 642 1
344 657 1
344 669 1
344 673 1
344 684 2
344 685 2
344 708 1
344 712 1
344 727 1
344 732 1
344 739 1
344 743 1
344 746 1
344 748 2
344 780 1
344 785 1
344 802 1
344 809 1
344 831 1
344 842 1
344 879 1
344 932 1
344 944 1
344 951 1
344 959 1
344 977 1
345 1 3
345 7 4
345 12 4
345 15 3
345 17 3
345 22 4
345 24 4
345 25 3
345 28 4
345 31 3
345 50 4
345 55 4
345 56 4
345 68 3
345 70 3
345 73 3
345 76 3
345 77 3
345 79 4
345 82 4
345 85 3
345 87 3
345 91 3
345 96 3
345 97 3
345 99 3
345 100 4
345 117 4
345 118 4
345 125 4
345 127 4
345 132 4
345 137 3
345 144 3
345 151 3
345 156 3
345 157 3
345 158 3
345 159 3
345 163 3
345 164 4
345 168 4
345 172 4
345 173 4
345 174 4
345 176 4
345 177 3
345 181 4
345 182 4
345 183 4
345 187 4
345 188 3
345 192 3
345 195 4
345 200 4
345 203 4
345 204 3
345 208 3
345 215 3
345 222 4
345 226 4
345 227 3
345 233 3
345 235 3
345 239 3
345 240 3
345 245 4
345 246 3
345 252 3
345 257 3
345 258 4
345 268 3
345 271 3
345 273 3
345 276 3
345 280 3
345 286 4
345 288 4
345 290 3
345 293 3
345 294 4
345 298 4
345 300 4
345 317 3
345 318 4
345 323 4
345 324 3
345 328 4
345 333 4
345 356 3
345 369 3
345 371 3
345 385 4
345 386 3
345 392 3
345 403 3
345 404 3
345 405 4
345 410 3
345 416 3
345 423 4
345 432 4
345 435 4
345 460 3
345 462 3
345 465 3
345 468 3
345 470 3
345 472 4
345 475 3
345 501 4
345 508 3
345 544 3
345 550 4
345 568 4
345 588 3
345 595 4
345 597 4
345 609 3
345 655 4
345 660 3
345 685 3
345 686 3
345 689 3
345 692 3
345 699 3
345 721 3
345 735 3
345 742 4
345 756 4
345 763 4
345 806 3
345 819 3
345 820 3
345 827 3
345 829 3
345 831 3
345 841 3
345 871 3
345 879 3
345 928 3
345 930 4
345 943 3
345 959 3
345 977 3
345 982 3
346 1 4
346 7 4
346 15 4
346 25 4
346 100 3
346 107 4
346 111 4
346 118 4
346 121 4
346 126 4
346 147 4
346 225 4
346 240 4
346 276 4
346 288 4
346 294 4
346 323 4
346 368 4
346 370 4
346 409 4
346 411 4
346 412 4
346 472 4
346 473 4
346 476 4
346 546 4
346 628 4
346 742 4
346 819 4
346 831 4
346 834 4
346 924 4
346 926 4
346 928 4
346 974 4
346 975 4
346 988 4
347 9 3
347 10 3
347 118 3
347 121 3
347 125 3
347 126 3
347 237 3
347 325 3
347 370 2
347 412 3
347 455 3
347 458 3
347 471 3
347 475 3
347 596 3
347 744 3
347 847 3
348 1 4
348 23 4
348 89 4
348 98 4
348 132 4
348 133 4
348 136 4
348 168 4
348 172 4
348 176 4
348 183 4
348 193 4
348 195 4
348 204 4
348 210 4
348 214 4
348 228 4
348 265 4
348 271 3
348 324 4
348 340 3
348 435 4
348 479 4
348 480 4
348 483 4
348 489 4
348 530 4
348 589 4
348 604 4
348 616 4
348 654 4
348 657 4
349 288 4
349 289 4
349 292 4
349 300 4
349 301 4
349 310 4
349 312 4
349 313 4
349 326 4
349 327 4
349 332 4
349 341 4
349 343 4
349 359 4
349 538 4
349 748 4
349 750 4
349 754 4
349 873 4
349 879 4
349 880 4
349 882 4
349 888 4
349 984 4
349 989 4
349 990 4
350 4 2
350 7 3
350 12 3
350 17 2
350 39 2
350 55 2
350 56 3
350 79 3
350 86 2
350 89 3
350 92 2
350 96 2
350 98 3
350 129 2
350 144 2
350 156 2
350 173 3
350 182 2
350 194 3
350 195 3
350 216 3
350 228 2
350 234 2
350 302 2
350 385 2
350 568 2
350 657 2
350 692 2
351 245 2
351 260 2
351 271 2
351 272 2
351 300 3
351 315 2
351 326 2
351 327 2
351 328 2
351 332 2
351 333 2
351 343 2
351 905 2
352 7 3
352 9 4
352 14 3
352 19 4
352 20 4
352 25 4
352 32 4
352 42 3
352 47 4
352 50 4
352 52 4
352 57 3
352 58 3
352 59 4
352 60 3
352 61 3
352 66 3
352 70 4
352 79 3
352 81 4
352 83 3
352 86 4
352 87 3
352 88 4
352 93 3
352 100 3
352 109 4
352 116 4
352 124 3
352 131 3
352 133 4
352 134 3
352 135 4
352 136 3
352 137 4
352 143 3
352 149 3
352 151 3
352 152 4
352 153 4
352 154 4
352 155 4
352 162 4
352 166 3
352 168 4
352 169 3
352 171 3
352 173 3
352 174 3
352 175 4
352 180 3
352 186 3
352 189 3
352 190 3
352 191 4
352 193 4
352 197 3
352 199 4
352 202 3
352 208 4
352 209 4
352 211 4
352 213 4
352 216 3
352 238 3
352 242 4
352 246 3
352 248 3
352 251 4
352 255 4
352 257 4
352 258 3
352 268 4
352 269 4
352 270 3
352 272 4
352 275 4
352 276 3
352 281 3
352 286 4
352 287 4
352 297 3
352 303 4
352 305 3
352 306 4
352 308 4
352 311 4
352 313 4
352 318 3
352 344 4
352 381 3
352 382 4
352 387 3
352 414 4
352 421 3
352 423 3
352 428 4
352 429 3
352 435 3
352 462 4
352 463 3
352 464 3
352 473 4
352 478 3
352 479 3
352 480 4
352 483 4
352 485 3
352 487 3
352 489 3
352 494 3
352 496 4
352 497 3
352 498 3
352 507 4
352 508 3
352 509 3
352 511 4
352 513 3
352 515 3
352 516 3
352 518 3
352 520 3
352 529 4
352 531 3
352 533 3
352 558 3
352 582 3
352 584 3
352 603 4
352 604 4
352 605 3
352 606 4
352 607 3
352 629 4
352 631 3
352 638 4
352 650 3
352 651 4
352 652 4
352 657 4
352 659 4
352 660 4
352 661 4
352 692 4
352 694 3
352 699 4
352 702 3
352 705 3
352 707 3
352 709 3
352 716 4
352 732 3
352 733 3
352 735 3
352 736 3
352 737 3
352 740 3
352 753 3
352 792 3
352 811 3
352 847 4
352 855 3
352 863 3
352 865 3
352 882 3
352 889 3
352 900 4
352 904 3
352 929 3
352 953 3
352 956 3
352 958 3
352 962 3
353 242 4
353 264 4
353 288 4
353 300 4
353 328 4
353 329 4
353 360 4
353 681 4
353 882 4
354 272 2
354 292 2
354 313 3
354 316 2
354 326 2
354 328 2
354 333 2
354 689 2
354 748 2
355 1 4
355 7 4
355 10 4
355 24 4
355 105 4
355 117 4
355 118 4
355 123 4
355 125 4
355 126 4
355 147 4
355 150 4
355 151 4
355 220 4
355 222 4
355 245 4
355 258 4
355 270 4
355 273 4
355 274 4
355 275 4
355 280 4
355 284 4
355 291 4
355 322 4
355 326 4
355 334 4
355 405 4
355 407 4
355 411 4
355 455 4
355 456 4
355 471 4
355 472 4
355 473 4
355 476 4
355 546 4
355 595 4
355 687 4
355 713 4
355 742 4
355 744 4
355 760 4
355 819 4
355 820 4
355 831 4
355 833 4
355 866 4
355 932 4
355 977 4
355 984 4
356 8 4
356 65 4
356 127 3
356 132 3
356 174 3
356 179 4
356 213 4
356 268 4
356 318 4
356 324 4
356 357 3
356 511 4
356 582 4
356 584 4
356 638 4
356 639 4
356 643 4
356 855 4
356 896 4
357 7 3
357 117 3
357 118 3
357 181 3
357 250 3
357 268 3
357 270 3
357 298 3
357 313 4
357 323 3
357 405 3
357 472 3
357 748 3
357 751 3
357 831 3
358 1 3
358 10 3
358 13 3
358 14 3
358 25 3
358 28 3
358 45 3
358 50 4
358 64 3
358 79 4
358 100 4
358 116 3
358 124 3
358 127 4
358 134 3
358 157 3
358 165 3
358 166 3
358 170 3
358 174 4
358 181 4
358 187 3
358 191 3
358 194 3
358 195 3
358 197 3
358 205 3
358 207 3
358 210 3
358 222 3
358 237 3
358 238 3
358 242 3
358 251 3
358 269 3
358 271 3
358 275 3
358 283 3
358 284 3
358 286 3
358 297 3
358 302 3
358 304 3
358 306 3
358 308 3
358 309 3
358 321 3
358 326 3
358 328 3
358 357 3
358 423 3
358 479 3
358 483 3
358 496 3
358 511 3
358 521 3
358 523 3
358 531 3
358 582 3
358 588 3
358 654 3
358 661 3
358 735 3
358 744 3
358 748 3
358 845 3
358 933 3
358 936 3
358 963 3
359 12 3
359 14 3
359 23 3
359 26 3
359 49 3
359 53 3
359 55 3
359 56 3
359 59 3
359 60 3
359 66 3
359 70 3
359 79 3
359 83 3
359 88 3
359 90 2
359 97 3
359 98 3
359 100 4
359 111 3
359 129 3
359 148 3
359 150 3
359 156 3
359 165 3
359 166 3
359 168 3
359 170 3
359 173 3
359 176 3
359 178 3
359 183 3
359 185 3
359 186 3
359 190 3
359 197 3
359 203 3
359 204 3
359 207 3
359 212 3
359 213 3
359 218 3
359 222 3
359 228 3
359 234 3
359 237 3
359 238 3
359 258 3
359 269 3
359 273 3
359 274 3
359 276 3
359 286 3
359 333 3
359 340 3
359 387 3
359 421 3
359 430 3
359 435 3
359 451 3
359 466 3
359 475 3
359 498 3
359 502 3
359 504 3
359 514 3
359 517 3
359 524 3
359 525 3
359 531 3
359 639 3
359 652 3
359 654 3
359 655 3
359 657 3
359 659 3
359 673 3
359 684 3
359 694 3
359 707 3
359 709 3
359 727 3
359 737 3
359 739 3
359 742 3
359 762 3
359 770 3
359 794 2
359 934 3
359 949 3
360 245 3
360 268 3
360 302 2
360 312 2
360 313 2
360 323 2
360 333 2
360 336 2
360 689 2
361 1 3
361 2 3
361 4 3
361 5 3
361 7 3
361 9 3
361 11 3
361 22 3
361 29 3
361 32 3
361 37 3
361 38 3
361 44 3
361 47 3
361 50 3
361 54 3
361 55 3
361 56 3
361 58 3
361 62 3
361 65 3
361 66 3
361 67 3
361 68 3
361 69 3
361 70 3
361 71 3
361 72 3
361 73 3
361 79 3
361 81 3
361 82 3
361 87 3
361 88 3
361 89 3
361 90 3
361 91 3
361 93 3
361 95 3
361 96 3
361 97 3
361 98 3
361 101 3
361 102 3
361 114 3
361 117 3
361 120 3
361 121 3
361 128 3
361 134 3
361 137 3
361 143 3
361 144 3
361 145 3
361 151 3
361 152 3
361 154 3
361 155 3
361 156 3
361 159 3
361 161 3
361 164 3
361 169 3
361 172 3
361 173 3
361 174 3
361 179 3
361 182 3
361 183 3
361 184 3
361 185 3
361 186 3
361 187 3
361 188 3
361 189 3
361 193 3
361 195 3
361 196 3
361 200 3
361 201 3
361 204 3
361 206 3
361 208 3
361 210 3
361 212 3
361 215 3
361 216 3
361 218 3
361 222 3
361 226 3
361 227 3
361 228 3
361 229 3
361 231 3
361 234 3
361 235 3
361 237 3
361 248 3
361 250 3
361 258 3
361 265 3
361 270 3
361 271 3
361 282 3
361 283 3
361 284 3
361 288 3
361 290 3
361 293 2
361 307 2
361 315 2
361 316 3
361 317 3
361 322 3
361 325 3
361 328 3
361 336 3
361 346 3
361 347 3
361 350 3
361 351 3
361 366 3
361 370 3
361 380 3
361 387 3
361 391 3
361 393 3
361 402 3
361 403 3
361 405 3
361 408 3
361 417 3
361 423 3
361 426 3
361 428 3
361 431 3
361 433 3
361 435 3
361 443 3
361 444 3
361 448 3
361 449 3
361 451 3
361 461 3
361 469 2
361 472 2
361 473 3
361 474 3
361 505 3
361 506 3
361 511 3
361 518 3
361 523 3
361 531 3
361 546 3
361 550 3
361 552 3
361 554 3
361 555 3
361 557 3
361 559 3
361 561 3
361 566 3
361 568 3
361 569 3
361 571 3
361 572 3
361 575 3
361 578 3
361 588 3
361 590 3
361 597 3
361 603 3
361 616 3
361 625 3
361 631 3
361 640 3
361 650 3
361 651 3
361 653 3
361 657 3
361 658 3
361 660 3
361 665 3
361 673 3
361 675 3
361 678 3
361 679 3
361 682 3
361 685 3
361 691 3
361 698 3
361 699 3
361 707 3
361 709 3
361 710 3
361 719 3
361 735 3
361 741 3
361 742 3
361 746 3
361 747 3
361 752 3
361 760 3
361 761 3
361 767 3
361 774 3
361 778 3
361 792 3
361 802 3
361 805 3
361 809 3
361 816 3
361 825 3
361 831 3
361 849 3
361 854 3
361 859 3
361 895 3
361 906 3
361 919 3
361 933 3
361 940 3
361 946 3
361 959 3
361 979 3
362 289 4
362 302 4
362 321 4
362 875 4
362 948 4
362 988 4
363 1 3
363 7 3
363 15 3
363 25 3
363 100 3
363 109 3
363 124 3
363 125 3
363 137 3
363 150 3
363 222 3
363 235 3
363 258 3
363 268 3
363 271 3
363 272 3
363 275 3
363 276 3
363 277 3
363 287 3
363 288 3
363 289 3
363 294 3
363 301 2
363 309 3
363 315 3
363 316 3
363 321 3
363 340 3
363 352 3
363 473 3
363 591 3
363 742 3
363 762 3
363 813 3
363 894 3
363 895 3
363 908 3
364 53 5
364 56 5
364 98 5
364 184 5
364 200 5
364 201 5
364 217 5
364 219 5
364 234 5
364 443 5
364 445 5
364 559 5
364 573 5
364 671 5
364 672 5
364 853 5
364 860 5
365 7 4
365 17 3
365 50 4
365 53 3
365 98 3
365 100 4
365 145 3
365 164 3
365 176 3
365 183 3
365 184 3
365 200 3
365 201 3
365 218 3
365 234 3
365 250 3
365 258 3
365 288 3
365 302 3
365 324 3
365 326 3
365 333 3
365 334 3
365 379 3
365 406 3
365 413 3
365 436 3
365 443 3
365 448 3
365 452 3
365 551 3
365 563 3
365 564 3
365 665 3
365 670 3
365 672 3
365 760 3
365 769 3
365 774 3
365 800 3
365 919 3
366 11 2
366 17 2
366 56 2
366 89 2
366 96 2
366 98 2
366 100 3
366 127 2
366 183 3
366 184 2
366 201 2
366 217 2
366 218 2
366 219 2
366 234 2
366 292 2
366 313 2
366 320 2
366 379 2
366 396 2
366 567 2
366 672 2
366 774 2
366 777 2
367 50 3
367 114 2
367 168 3
367 172 3
367 181 3
367 271 2
367 316 2
367 358 2
367 751 2
367 988 2
368 12 2
368 22 2
368 31 2
368 50 2
368 52 2
368 64 2
368 98 3
368 100 2
368 107 2
368 114 2
368 116 2
368 135 2
368 136 2
368 153 2
368 172 2
368 174 2
368 175 2
368 176 3
368 181 2
368 193 3
368 195 3
368 199 3
368 209 2
368 210 3
368 238 2
368 257 2
368 265 2
368 269 2
368 285 2
368 322 2
368 423 2
368 425 2
368 433 2
368 435 3
368 443 2
368 480 2
368 484 2
368 493 2
368 494 2
368 497 2
368 514 2
368 525 2
368 603 2
368 604 2
368 607 2
368 608 2
368 613 2
368 631 2
368 657 2
368 659 2
368 661 2
368 678 2
368 705 2
368 923 2
369 1 4
369 22 4
369 55 3
369 64 4
369 69 4
369 77 4
369 79 4
369 97 4
369 98 4
369 174 4
369 177 4
369 179 4
369 180 3
369 181 4
369 185 4
369 186 4
369 194 4
369 197 4
369 210 4
369 234 4
369 265 4
369 357 4
369 393 4
369 423 4
369 435 4
369 443 4
369 449 4
369 452 4
369 504 4
369 527 4
369 655 4
369 663 4
369 746 4
370 5 5
370 23 5
370 44 5
370 56 4
370 79 5
370 129 4
370 159 5
370 164 5
370 176 5
370 183 5
370 185 5
370 200 5
370 201 5
370 218 5
370 262 5
370 286 4
370 288 5
370 299 5
370 325 5
370 327 5
370 333 4
370 436 5
370 441 5
370 443 5
370 447 5
370 448 5
370 452 5
370 547 5
370 559 5
370 561 5
370 574 5
370 581 5
370 595 5
370 628 5
370 635 5
370 637 5
370 672 5
370 674 5
370 678 5
370 696 5
370 874 5
370 875 5
371 2 5
371 4 5
371 12 5
371 15 4
371 20 5
371 22 5
371 24 5
371 25 4
371 31 5
371 48 5
371 50 4
371 58 5
371 64 4
371 66 5
371 68 5
371 70 4
371 80 5
371 81 5
371 82 4
371 83 5
371 89 4
371 90 5
371 94 5
371 95 5
371 96 5
371 97 5
371 99 4
371 100 4
371 102 5
371 105 5
371 110 5
371 114 5
371 117 4
371 127 5
371 132 5
371 136 4
371 139 5
371 142 5
371 143 4
371 144 5
371 150 4
371 151 4
371 154 5
371 155 4
371 156 5
371 161 4
371 162 5
371 163 5
371 165 5
371 166 5
371 169 5
371 172 5
371 173 5
371 175 4
371 177 5
371 179 5
371 180 5
371 181 4
371 184 5
371 189 5
371 194 4
371 195 4
371 196 5
371 197 4
371 202 5
371 204 5
371 206 5
371 208 5
371 209 4
371 210 5
371 211 5
371 213 5
371 214 5
371 215 5
371 217 5
371 225 5
371 226 5
371 228 5
371 230 5
371 232 5
371 239 5
371 241 5
371 259 4
371 269 5
371 275 4
371 278 5
371 281 5
371 286 4
371 290 5
371 318 5
371 357 5
371 366 5
371 378 4
371 380 5
371 382 5
371 385 5
371 386 5
371 389 5
371 390 5
371 392 5
371 393 5
371 399 5
371 401 5
371 402 5
371 403 5
371 404 5
371 409 5
371 414 5
371 417 5
371 418 5
371 420 5
371 421 5
371 423 5
371 427 5
371 431 5
371 433 5
371 435 4
371 451 5
371 472 5
371 474 4
371 480 4
371 485 5
371 487 5
371 488 5
371 494 5
371 496 5
371 497 5
371 499 5
371 506 5
371 510 4
371 520 5
371 527 5
371 550 5
371 553 4
371 559 5
371 566 5
371 568 5
371 571 5
371 577 5
371 588 5
371 596 5
371 598 5
371 603 4
371 627 5
371 633 5
371 645 5
371 648 5
371 649 5
371 651 5
371 655 4
371 658 5
371 660 5
371 679 5
371 694 5
371 699 5
371 704 5
371 705 5
371 709 5
371 715 5
371 724 4
371 727 5
371 729 5
371 732 5
371 746 5
371 747 5
371 748 5
371 756 5
371 778 5
371 828 5
371 842 5
371 843 5
371 849 5
371 941 5
371 946 5
371 949 5
372 1 3
372 2 3
372 5 3
372 7 3
372 9 3
372 11 3
372 15 3
372 17 3
372 23 3
372 24 3
372 28 3
372 29 3
372 39 3
372 48 3
372 50 4
372 56 4
372 64 3
372 66 3
372 68 3
372 69 3
372 70 3
372 71 3
372 77 3
372 89 4
372 95 3
372 97 3
372 98 3
372 100 3
372 106 3
372 111 3
372 116 3
372 118 3
372 120 3
372 121 3
372 122 3
372 123 3
372 124 3
372 125 3
372 126 3
372 127 3
372 129 3
372 135 3
372 143 3
372 144 3
372 147 3
372 148 3
372 150 3
372 151 3
372 156 3
372 159 3
372 161 3
372 162 3
372 168 3
372 172 4
372 173 3
372 174 4
372 176 4
372 185 3
372 186 3
372 192 3
372 195 4
372 197 3
372 200 3
372 202 3
372 204 3
372 210 4
372 216 3
372 218 3
372 222 3
372 223 3
372 225 3
372 226 3
372 228 3
372 229 3
372 230 3
372 231 3
372 233 3
372 234 3
372 235 3
372 237 3
372 240 3
372 247 3
372 248 3
372 252 3
372 254 3
372 257 3
372 265 3
372 279 3
372 280 3
372 282 3
372 284 3
372 289 3
372 291 3
372 310 3
372 322 3
372 323 3
372 356 3
372 363 3
372 369 3
372 385 3
372 393 3
372 403 3
372 405 3
372 412 3
372 423 3
372 424 3
372 427 3
372 449 3
372 450 3
372 454 3
372 458 3
372 463 3
372 465 3
372 466 3
372 467 3
372 468 3
372 475 3
372 476 3
372 483 3
372 521 3
372 527 3
372 540 3
372 544 3
372 550 3
372 552 3
372 554 3
372 558 3
372 566 3
372 568 3
372 572 3
372 576 3
372 581 3
372 591 3
372 619 3
372 620 3
372 628 3
372 637 3
372 642 3
372 651 3
372 665 3
372 685 3
372 692 3
372 696 3
372 717 3
372 741 3
372 742 3
372 743 3
372 756 3
372 758 3
372 761 3
372 762 3
372 763 3
372 770 3
372 789 3
372 815 3
372 819 3
372 820 3
372 824 3
372 832 3
372 844 3
372 845 3
372 846 3
372 872 3
372 880 3
372 924 3
372 928 3
372 930 3
372 931 3
372 932 3
372 934 3
372 948 3
372 952 3
372 974 3
372 975 3
372 977 3
372 978 3
372 979 3
372 986 3
373 5 3
373 39 3
373 77 3
373 176 3
373 183 3
373 185 3
373 218 3
373 233 3
373 288 3
373 300 3
373 443 3
373 583 3
373 684 3
373 761 3
374 11 3
374 14 3
374 98 3
374 154 3
374 181 3
374 197 3
374 198 3
374 223 3
374 237 3
374 246 3
374 268 3
374 274 3
374 275 3
374 289 3
374 301 3
374 603 3
374 762 3
375 56 4
375 98 3
375 100 4
375 164 3
375 168 3
375 173 3
375 194 3
375 219 3
375 234 3
375 258 3
375 268 3
375 288 3
375 313 3
375 316 3
375 323 3
375 354 3
375 443 3
375 508 3
375 895 3
376 1 4
376 2 4
376 4 4
376 5 4
376 7 4
376 8 4
376 9 4
376 10 4
376 11 4
376 12 4
376 13 4
376 14 4
376 15 4
376 21 4
376 22 4
376 28 3
376 29 4
376 31 4
376 40 4
376 42 4
376 43 4
376 48 4
376 49 4
376 50 4
376 52 4
376 53 4
376 54 3
376 58 3
376 59 4
376 62 4
376 63 4
376 65 4
376 66 4
376 68 4
376 70 4
376 73 4
376 77 4
376 79 4
376 86 3
376 87 4
376 88 4
376 89 5
376 91 4
376 94 4
376 95 4
376 99 4
376 100 4
376 106 4
376 110 4
376 111 4
376 117 4
376 121 4
376 123 4
376 125 4
376 126 4
376 132 4
376 133 4
376 135 4
376 141 4
376 143 4
376 144 4
376 148 4
376 151 4
376 153 4
376 155 4
376 157 4
376 159 4
376 161 4
376 162 4
376 167 4
376 172 4
376 173 4
376 174 4
376 175 4
376 176 4
376 179 4
376 180 4
376 181 4
376 182 4
376 186 4
376 191 4
376 194 4
376 195 4
376 196 4
376 197 4
376 200 4
376 202 4
376 203 3
376 207 4
376 210 4
376 213 4
376 215 3
376 217 4
376 218 4
376 220 4
376 222 4
376 223 4
376 226 4
376 227 4
376 230 4
376 233 4
376 234 4
376 235 3
376 237 3
376 239 4
376 241 4
376 245 4
376 248 4
376 252 4
376 254 4
376 255 4
376 257 4
376 258 4
376 269 4
376 272 4
376 273 4
376 274 4
376 275 4
376 276 4
376 277 3
376 280 4
376 281 4
376 282 3
376 283 4
376 284 4
376 285 4
376 286 4
376 288 4
376 289 4
376 294 4
376 295 4
376 298 4
376 300 3
376 301 3
376 302 4
376 304 4
376 317 4
376 318 4
376 319 4
376 321 4
376 326 4
376 328 3
376 356 3
376 365 4
376 367 4
376 380 4
376 381 4
376 382 4
376 385 4
376 386 4
376 387 4
376 392 4
376 393 4
376 396 4
376 401 4
376 403 4
376 404 3
376 405 4
376 409 4
376 410 4
376 411 4
376 417 4
376 418 4
376 419 4
376 420 4
376 423 4
376 432 4
376 435 4
376 447 4
376 449 4
376 450 4
376 451 4
376 458 4
376 465 4
376 469 3
376 471 3
376 476 4
376 479 3
376 482 4
376 485 4
376 496 4
376 500 4
376 501 4
376 508 4
376 509 4
376 517 4
376 527 4
376 528 4
376 542 4
376 546 4
376 549 4
376 554 4
376 559 4
376 566 4
376 568 4
376 572 4
376 575 4
376 576 4
376 582 4
376 591 3
376 596 4
376 597 4
376 619 3
376 620 4
376 623 4
376 629 4
376 631 4
376 632 4
376 635 4
376 636 4
376 651 4
376 655 4
376 663 4
376 665 4
376 674 4
376 686 4
376 692 4
376 693 4
376 694 4
376 702 4
376 703 4
376 707 4
376 708 4
376 709 4
376 715 4
376 716 4
376 720 4
376 722 4
376 724 4
376 727 4
376 729 4
376 731 3
376 732 4
376 734 4
376 736 3
376 742 4
376 744 4
376 747 4
376 755 4
376 756 3
376 762 4
376 768 4
376 778 4
376 780 4
376 787 4
376 792 4
376 793 4
376 796 4
376 806 4
376 807 4
376 845 4
376 866 4
376 875 4
376 896 4
376 918 4
376 921 4
376 924 4
376 926 3
376 928 4
376 930 4
376 939 3
376 942 4
376 951 4
376 959 4
376 961 4
376 969 4
376 972 4
376 977 4
376 979 3
377 1 3
377 2 2
377 4 3
377 8 3
377 9 3
377 12 3
377 23 3
377 50 4
377 52 2
377 54 2
377 56 4
377 62 3
377 63 2
377 64 3
377 69 3
377 79 3
377 82 3
377 83 3
377 88 2
377 89 3
377 90 2
377 93 3
377 96 3
377 98 4
377 100 4
377 116 3
377 124 3
377 131 2
377 133 2
377 135 3
377 141 2
377 144 3
377 152 2
377 153 3
377 157 2
377 158 2
377 161 3
377 163 2
377 164 3
377 168 3
377 172 3
377 173 3
377 176 3
377 177 3
377 178 2
377 179 3
377 183 3
377 186 3
377 188 3
377 191 3
377 192 3
377 193 3
377 194 3
377 195 3
377 196 3
377 200 3
377 202 3
377 203 3
377 204 3
377 205 2
377 208 3
377 210 3
377 211 3
377 216 3
377 219 2
377 227 3
377 230 3
377 233 2
377 238 3
377 239 2
377 257 3
377 270 2
377 271 2
377 284 2
377 285 2
377 294 3
377 300 3
377 306 2
377 310 2
377 331 2
377 339 2
377 357 3
377 372 2
377 381 2
377 383 2
377 385 3
377 391 2
377 393 2
377 395 2
377 401 2
377 402 2
377 405 3
377 414 2
377 417 2
377 419 2
377 427 3
377 428 2
377 434 2
377 436 3
377 443 3
377 447 3
377 448 2
377 451 3
377 452 2
377 461 2
377 480 3
377 496 3
377 504 3
377 511 3
377 514 3
377 516 2
377 517 2
377 520 2
377 522 2
377 523 3
377 527 3
377 528 3
377 529 2
377 530 2
377 554 2
377 559 2
377 563 2
377 566 3
377 568 3
377 575 2
377 576 2
377 603 3
377 616 2
377 622 2
377 636 2
377 637 2
377 644 2
377 649 2
377 651 3
377 655 2
377 659 2
377 674 2
377 684 3
377 686 2
377 701 2
377 704 2
377 705 2
377 710 2
377 712 2
377 729 2
377 732 2
377 735 2
377 736 2
377 746 2
377 842 2
377 855 2
378 1 3
378 7 3
378 12 3
378 22 3
378 28 3
378 31 3
378 38 3
378 58 3
378 59 3
378 60 3
378 61 3
378 62 3
378 64 3
378 69 3
378 71 3
378 81 3
378 95 3
378 98 3
378 100 3
378 109 3
378 114 3
378 118 3
378 121 3
378 132 3
378 134 3
378 139 3
378 152 3
378 154 3
378 161 3
378 163 3
378 168 3
378 170 3
378 172 3
378 176 3
378 177 3
378 180 3
378 181 3
378 183 3
378 185 3
378 186 3
378 190 3
378 194 3
378 197 3
378 208 3
378 213 3
378 215 3
378 217 3
378 222 3
378 228 3
378 229 3
378 238 3
378 241 3
378 258 3
378 265 3
378 270 3
378 306 3
378 313 3
378 315 3
378 340 3
378 356 3
378 357 3
378 382 3
378 414 3
378 416 3
378 419 3
378 423 3
378 425 3
378 427 3
378 428 3
378 435 3
378 443 3
378 449 3
378 462 3
378 463 3
378 465 3
378 474 3
378 479 3
378 483 3
378 502 3
378 506 3
378 512 3
378 515 3
378 518 3
378 521 3
378 527 3
378 529 3
378 530 3
378 549 3
378 561 3
378 566 3
378 570 3
378 573 3
378 582 3
378 587 3
378 614 3
378 629 3
378 630 3
378 631 3
378 651 3
378 652 3
378 654 3
378 663 3
378 664 3
378 665 3
378 670 3
378 684 3
378 699 3
378 708 3
378 712 3
378 729 3
378 732 3
378 736 3
378 744 3
378 750 3
378 751 3
378 753 3
378 770 3
378 856 3
378 923 3
378 956 3
378 959 3
379 1 4
379 13 4
379 14 3
379 15 3
379 16 3
379 20 3
379 30 3
379 50 4
379 59 3
379 77 3
379 79 3
379 83 3
379 89 4
379 94 3
379 95 3
379 97 3
379 99 3
379 100 4
379 102 3
379 121 3
379 129 3
379 132 4
379 133 3
379 134 3
379 135 3
379 139 3
379 150 3
379 151 3
379 175 4
379 178 3
379 191 3
379 212 3
379 214 3
379 216 3
379 217 3
379 228 3
379 259 3
379 276 4
379 281 3
379 294 3
379 303 3
379 304 3
379 318 4
379 344 3
379 378 3
379 418 3
379 443 4
379 459 3
379 462 3
379 473 3
379 479 3
379 485 3
379 487 3
379 493 3
379 495 3
379 498 3
379 501 3
379 509 3
379 517 4
379 525 3
379 526 3
379 529 3
379 582 3
379 607 3
379 631 3
379 634 3
379 640 3
379 647 3
379 652 3
379 656 3
379 657 3
379 660 3
379 673 3
379 682 3
379 693 3
379 705 3
379 724 3
379 742 3
379 771 3
379 778 3
379 855 3
379 887 3
379 898 3
379 914 3
379 931 3
379 934 3
379 961 3
379 995 3
380 7 3
380 9 3
380 23 3
380 50 4
380 56 4
380 98 4
380 100 3
380 122 3
380 127 3
380 134 3
380 135 4
380 137 3
380 150 3
380 171 3
380 177 3
380 180 4
380 183 4
380 258 3
380 276 3
380 290 3
380 332 3
380 475 3
380 481 3
380 482 3
380 507 3
380 508 3
380 531 3
380 717 3
381 14 5
381 19 5
381 58 5
381 81 5
381 86 5
381 89 5
381 100 5
381 134 5
381 135 5
381 137 5
381 180 5
381 193 5
381 197 5
381 203 5
381 205 5
381 223 5
381 237 5
381 238 5
381 268 5
381 272 5
381 285 5
381 302 5
381 315 5
381 319 5
381 321 5
381 345 5
381 357 5
381 425 5
381 427 5
381 435 5
381 464 5
381 474 5
381 475 5
381 478 5
381 479 5
381 480 5
381 483 5
381 484 5
381 496 5
381 505 5
381 514 5
381 531 5
381 603 5
381 639 5
381 641 5
381 657 5
382 272 4
382 289 4
382 302 4
382 316 4
382 327 4
382 343 4
382 355 4
382 751 4
382 989 4
383 4 2
383 8 1
383 12 2
383 18 1
383 24 2
383 29 2
383 32 2
383 37 1
383 42 2
383 47 2
383 48 2
383 50 3
383 53 2
383 56 3
383 58 1
383 59 2
383 61 2
383 79 2
383 81 2
383 82 2
383 87 2
383 89 2
383 93 2
383 98 3
383 99 2
383 111 1
383 114 1
383 122 1
383 127 2
383 128 1
383 129 2
383 131 1
383 133 2
383 134 2
383 135 2
383 136 2
383 143 2
383 144 2
383 145 1
383 151 2
383 152 1
383 153 2
383 168 2
383 169 1
383 171 1
383 172 2
383 173 3
383 174 3
383 175 2
383 177 2
383 180 2
383 181 2
383 183 2
383 186 2
383 187 2
383 189 1
383 191 2
383 192 2
383 194 2
383 195 2
383 199 1
383 200 2
383 207 1
383 208 2
383 209 2
383 211 2
383 216 2
383 217 2
383 218 2
383 219 2
383 221 2
383 224 1
383 235 2
383 236 1
383 238 2
383 249 1
383 250 2
383 253 1
383 254 1
383 256 1
383 257 1
383 262 1
383 273 2
383 276 2
383 283 2
383 285 1
383 286 2
383 290 2
383 293 1
383 304 1
383 305 1
383 318 2
383 320 1
383 325 1
383 337 1
383 340 2
383 346 1
383 347 2
383 367 2
383 383 1
383 385 2
383 403 2
383 405 2
383 408 1
383 417 1
383 419 2
383 423 2
383 425 2
383 427 2
383 428 2
383 429 2
383 430 1
383 433 2
383 435 2
383 443 2
383 447 2
383 451 2
383 455 2
383 458 1
383 461 1
383 462 2
383 473 1
383 474 2
383 479 2
383 480 2
383 482 1
383 483 2
383 485 2
383 486 1
383 487 1
383 489 1
383 492 1
383 496 2
383 498 2
383 500 1
383 502 1
383 503 1
383 506 2
383 507 2
383 508 2
383 511 2
383 512 1
383 520 2
383 521 2
383 523 1
383 524 1
383 525 1
383 526 2
383 529 1
383 557 1
383 603 2
383 604 2
383 606 2
383 616 1
383 631 2
383 650 2
383 652 1
383 653 1
383 654 2
383 657 2
383 658 1
383 659 2
383 661 2
383 663 1
383 664 1
383 673 2
383 674 1
383 675 1
383 705 2
383 719 1
383 727 1
383 732 2
383 739 2
383 745 1
383 794 1
383 851 1
383 855 1
383 865 1
383 871 1
383 896 1
383 900 1
383 919 1
383 922 1
383 940 1
383 942 1
383 945 1
383 959 1
383 961 1
383 965 1
384 24 3
384 50 4
384 121 3
384 222 3
384 273 3
384 455 3
384 685 3
384 825 3
384 833 3
384 840 3
385 2 3
385 4 3
385 7 4
385 8 3
385 10 3
385 11 3
385 13 3
385 20 3
385 22 3
385 23 3
385 24 3
385 27 3
385 31 3
385 32 3
385 33 3
385 39 3
385 47 3
385 48 3
385 50 3
385 52 3
385 55 3
385 56 3
385 58 3
385 61 3
385 62 3
385 64 3
385 68 3
385 71 3
385 76 3
385 79 3
385 81 3
385 82 3
385 83 3
385 89 4
385 91 3
385 92 3
385 93 3
385 96 4
385 97 3
385 98 3
385 99 3
385 101 3
385 102 3
385 113 3
385 114 3
385 116 3
385 117 3
385 121 3
385 123 3
385 127 3
385 129 3
385 133 3
385 135 3
385 136 3
385 144 3
385 147 3
385 151 3
385 152 3
385 156 3
385 161 3
385 168 3
385 169 3
385 176 3
385 180 3
385 181 4
385 182 3
385 183 3
385 184 3
385 186 3
385 187 3
385 189 3
385 190 3
385 192 3
385 193 3
385 194 3
385 195 3
385 196 3
385 197 3
385 198 3
385 200 3
385 201 3
385 202 3
385 203 3
385 205 3
385 206 3
385 208 3
385 209 3
385 210 3
385 211 3
385 215 3
385 217 3
385 218 3
385 219 3
385 222 3
385 223 3
385 224 3
385 226 3
385 228 3
385 229 3
385 230 3
385 231 3
385 233 3
385 238 3
385 241 3
385 246 3
385 248 3
385 250 3
385 258 3
385 265 3
385 268 3
385 273 3
385 277 3
385 288 3
385 289 3
385 293 3
385 294 3
385 295 3
385 298 3
385 317 3
385 318 3
385 319 3
385 320 3
385 321 3
385 325 3
385 333 3
385 357 3
385 380 3
385 381 3
385 385 3
385 393 3
385 403 3
385 410 3
385 414 3
385 418 3
385 423 3
385 428 3
385 429 3
385 430 3
385 431 3
385 432 3
385 435 3
385 436 3
385 441 3
385 444 3
385 446 3
385 447 3
385 448 3
385 455 3
385 458 3
385 461 3
385 463 3
385 473 3
385 474 3
385 475 3
385 477 3
385 488 3
385 496 4
385 508 3
385 511 3
385 514 3
385 515 3
385 520 3
385 526 3
385 528 3
385 547 3
385 549 3
385 558 3
385 559 3
385 561 3
385 564 3
385 566 3
385 569 3
385 578 3
385 580 3
385 582 3
385 583 3
385 593 3
385 603 3
385 619 3
385 625 3
385 642 3
385 650 3
385 651 3
385 659 3
385 663 3
385 672 3
385 674 3
385 678 3
385 679 3
385 684 3
385 692 3
385 693 3
385 697 3
385 715 3
385 732 3
385 735 3
385 737 3
385 742 3
385 744 3
385 768 3
385 769 3
385 772 3
385 773 3
385 774 3
385 789 3
385 790 3
385 806 3
385 844 3
385 845 3
385 854 3
385 856 3
385 919 3
385 942 3
385 943 3
385 952 3
385 969 3
385 972 3
385 984 3
386 5 3
386 56 3
386 100 4
386 111 4
386 117 4
386 147 3
386 184 3
386 237 4
386 259 3
386 288 4
386 298 4
386 307 4
386 310 3
386 315 4
386 323 4
386 326 4
386 333 4
386 508 3
386 569 3
386 591 3
386 628 3
386 678 4
386 680 3
386 682 4
386 690 3
386 742 4
386 769 3
386 773 3
386 816 3
386 845 3
386 871 3
386 895 4
387 4 3
387 8 4
387 23 4
387 25 3
387 28 4
387 29 4
387 38 4
387 40 4
387 42 4
387 47 4
387 50 3
387 53 3
387 56 4
387 58 4
387 59 4
387 64 4
387 65 4
387 66 4
387 69 4
387 72 4
387 77 3
387 79 4
387 80 3
387 82 4
387 88 4
387 90 4
387 94 4
387 95 4
387 98 4
387 99 4
387 100 4
387 105 4
387 109 4
387 111 3
387 118 3
387 127 4
387 131 4
387 132 4
387 136 4
387 142 3
387 151 4
387 152 4
387 153 4
387 154 3
387 159 4
387 160 4
387 167 4
387 168 4
387 172 4
387 173 4
387 174 4
387 176 4
387 178 4
387 179 4
387 181 4
387 185 3
387 186 4
387 191 3
387 194 4
387 197 4
387 202 4
387 204 4
387 205 4
387 208 4
387 210 4
387 211 3
387 216 4
387 217 4
387 234 4
387 238 3
387 249 4
387 275 4
387 283 4
387 285 4
387 300 3
387 301 3
387 346 3
387 378 4
387 383 3
387 384 4
387 393 4
387 395 4
387 396 4
387 401 3
387 404 3
387 407 4
387 410 4
387 411 4
387 414 4
387 416 4
387 420 4
387 423 4
387 428 4
387 429 3
387 435 4
387 451 4
387 454 4
387 467 4
387 471 3
387 474 4
387 475 3
387 477 4
387 478 4
387 479 4
387 480 4
387 481 4
387 483 4
387 484 4
387 490 4
387 491 4
387 492 4
387 493 4
387 497 4
387 498 4
387 499 4
387 501 3
387 502 4
387 503 4
387 504 4
387 506 4
387 507 4
387 509 4
387 510 4
387 514 4
387 517 4
387 518 4
387 519 3
387 520 4
387 525 4
387 526 4
387 550 4
387 558 4
387 568 4
387 583 4
387 584 3
387 588 4
387 591 3
387 602 4
387 604 3
387 605 4
387 607 4
387 610 4
387 612 4
387 613 4
387 615 4
387 616 3
387 630 3
387 631 4
387 642 3
387 649 4
387 656 4
387 657 4
387 661 3
387 662 3
387 671 4
387 674 4
387 693 4
387 699 4
387 700 4
387 705 4
387 712 4
387 715 3
387 731 4
387 732 4
387 736 4
387 739 4
387 756 4
387 763 4
387 778 4
387 780 4
387 785 4
387 792 4
387 820 4
387 824 3
387 835 4
387 836 4
387 845 4
387 847 4
387 923 3
387 926 4
387 942 4
387 945 4
387 954 4
387 997 4
388 1 3
388 9 3
388 13 2
388 126 2
388 258 3
388 275 2
388 302 2
388 304 2
388 319 2
388 328 2
388 329 2
388 331 2
388 740 2
388 742 2
388 845 2
388 989 2
389 9 4
389 11 4
389 12 4
389 15 4
389 22 4
389 31 4
389 47 4
389 48 4
389 56 4
389 58 4
389 59 4
389 60 4
389 64 4
389 69 4
389 71 4
389 76 4
389 89 4
389 97 4
389 100 3
389 127 4
389 132 4
389 134 4
389 148 4
389 168 4
389 173 4
389 182 4
389 188 4
389 191 4
389 195 4
389 197 4
389 200 4
389 203 4
389 204 4
389 205 4
389 213 4
389 215 4
389 222 4
389 234 4
389 237 3
389 238 4
389 258 4
389 264 4
389 276 4
389 282 4
389 286 4
389 288 4
389 294 4
389 300 4
389 318 4
389 334 4
389 357 4
389 421 4
389 458 4
389 460 4
389 471 4
389 474 4
389 479 4
389 480 4
389 482 4
389 490 4
389 491 4
389 498 4
389 504 4
389 507 4
389 508 4
389 510 4
389 511 4
389 527 4
389 530 4
389 544 4
389 546 4
389 603 4
389 604 4
389 628 4
389 646 4
389 659 4
389 661 4
389 678 4
389 748 4
389 772 4
389 774 4
389 963 4
390 8 4
390 23 4
390 58 4
390 59 4
390 99 4
390 114 4
390 129 4
390 166 4
390 169 4
390 170 4
390 172 4
390 173 4
390 178 4
390 179 4
390 180 4
390 181 4
390 189 4
390 191 4
390 197 4
390 199 4
390 200 4
390 209 4
390 244 4
390 248 4
390 249 4
390 250 4
390 255 4
390 257 4
390 260 4
390 268 4
390 270 4
390 271 4
390 272 3
390 276 4
390 285 4
390 288 4
390 289 4
390 293 4
390 294 4
390 297 4
390 300 4
390 302 3
390 303 4
390 304 4
390 310 4
390 312 4
390 313 3
390 319 4
390 321 4
390 323 4
390 324 4
390 325 4
390 328 4
390 333 4
390 340 3
390 344 4
390 345 4
390 346 3
390 347 4
390 463 4
390 482 4
390 491 4
390 492 4
390 493 4
390 511 4
390 515 4
390 534 4
390 538 4
390 615 4
390 632 4
390 650 4
390 663 4
390 705 4
390 813 4
390 847 4
390 872 4
390 873 4
390 880 4
391 2 5
391 3 5
391 4 5
391 5 5
391 7 4
391 11 5
391 12 5
391 15 5
391 17 5
391 21 5
391 22 5
391 24 5
391 25 5
391 26 5
391 27 5
391 28 5
391 29 5
391 31 5
391 36 5
391 38 5
391 40 5
391 41 5
391 42 5
391 48 5
391 49 5
391 50 4
391 51 5
391 54 5
391 55 5
391 56 4
391 58 5
391 62 5
391 64 5
391 65 5
391 67 5
391 68 5
391 69 5
391 70 5
391 71 5
391 73 5
391 78 5
391 79 4
391 81 5
391 83 5
391 84 5
391 85 5
391 86 5
391 87 5
391 88 5
391 90 5
391 94 5
391 95 5
391 99 5
391 100 4
391 105 5
391 108 5
391 109 5
391 110 5
391 111 5
391 117 5
391 118 5
391 122 5
391 123 5
391 126 5
391 128 5
391 132 5
391 135 4
391 136 5
391 138 5
391 139 5
391 142 5
391 144 5
391 147 5
391 148 5
391 153 5
391 154 5
391 161 5
391 168 4
391 169 5
391 172 5
391 173 5
391 181 4
391 184 5
391 186 5
391 189 5
391 191 5
391 194 5
391 196 5
391 202 5
391 203 5
391 204 5
391 206 5
391 215 5
391 222 4
391 223 5
391 227 5
391 228 5
391 233 5
391 237 5
391 239 5
391 240 5
391 241 5
391 243 5
391 245 5
391 252 5
391 255 5
391 257 5
391 258 4
391 265 5
391 270 5
391 271 5
391 273 5
391 274 5
391 275 5
391 278 5
391 280 5
391 281 5
391 283 5
391 290 5
391 291 5
391 294 5
391 298 5
391 303 5
391 313 5
391 316 5
391 317 5
391 318 5
391 321 5
391 323 5
391 328 5
391 333 5
391 338 5
391 342 5
391 344 5
391 347 5
391 354 5
391 355 5
391 356 5
391 357 5
391 362 5
391 363 5
391 364 5
391 365 5
391 366 5
391 369 5
391 373 5
391 374 5
391 376 5
391 377 5
391 378 5
391 380 5
391 385 5
391 386 5
391 391 5
391 393 5
391 394 5
391 396 5
391 403 5
391 404 5
391 405 5
391 409 5
391 410 5
391 412 5
391 415 5
391 417 5
391 418 5
391 419 5
391 420 5
391 421 5
391 423 5
391 431 5
391 443 5
391 456 5
391 465 5
391 470 5
391 471 5
391 472 5
391 473 5
391 476 5
391 477 5
391 479 5
391 480 5
391 496 5
391 497 5
391 500 5
391 501 5
391 527 5
391 538 5
391 539 5
391 540 5
391 544 5
391 546 5
391 550 5
391 552 5
391 553 5
391 554 5
391 559 5
391 561 5
391 566 5
391 568 5
391 569 5
391 571 5
391 576 5
391 578 5
391 588 5
391 591 5
391 596 5
391 597 5
391 622 5
391 623 5
391 628 5
391 630 5
391 633 5
391 636 5
391 644 5
391 651 5
391 655 5
391 659 5
391 672 5
391 681 5
391 683 5
391 685 5
391 686 5
391 687 5
391 690 5
391 692 5
391 696 5
391 705 5
391 710 5
391 715 5
391 717 5
391 721 5
391 722 5
391 725 5
391 727 5
391 728 5
391 731 5
391 737 5
391 739 5
391 742 5
391 747 5
391 751 5
391 755 5
391 756 5
391 761 5
391 763 5
391 771 5
391 775 5
391 778 5
391 779 5
391 780 5
391 781 5
391 783 5
391 789 5
391 792 5
391 794 5
391 797 5
391 802 5
391 805 5
391 808 5
391 810 5
391 812 5
391 815 5
391 821 5
391 824 5
391 825 5
391 826 5
391 831 5
391 836 5
391 840 5
391 841 5
391 842 5
391 843 5
391 845 5
391 870 5
391 871 5
391 876 5
391 879 5
391 890 5
391 905 5
391 922 5
391 929 5
391 930 5
391 932 5
391 939 5
391 940 5
391 944 5
391 949 5
391 951 5
391 953 5
391 964 5
391 977 5
391 996 5
391 997 5
391 999 5
391 1000 5
392 1 4
392 7 4
392 28 3
392 31 3
392 38 3
392 39 3
392 42 3
392 56 3
392 63 3
392 68 3
392 72 3
392 73 3
392 79 3
392 84 3
392 88 3
392 96 3
392 97 3
392 98 4
392 101 3
392 117 3
392 121 4
392 128 3
392 132 3
392 144 3
392 154 3
392 156 3
392 158 3
392 161 3
392 164 3
392 172 4
392 174 4
392 179 3
392 181 4
392 184 3
392 195 4
392 208 3
392 210 3
392 216 3
392 217 3
392 218 3
392 222 4
392 226 3
392 227 3
392 229 3
392 230 3
392 232 3
392 233 3
392 238 3
392 250 3
392 257 3
392 265 3
392 282 3
392 288 4
392 313 3
392 364 3
392 383 3
392 385 3
392 386 3
392 411 3
392 416 3
392 419 3
392 423 3
392 433 3
392 449 3
392 450 3
392 455 3
392 496 3
392 508 3
392 540 3
392 541 3
392 550 3
392 552 3
392 554 3
392 559 3
392 561 3
392 568 3
392 576 3
392 578 3
392 597 3
392 655 3
392 658 3
392 665 3
392 679 3
392 746 3
392 763 3
392 771 3
392 773 3
392 780 3
392 797 3
392 802 3
392 979 3
393 1 3
393 50 4
393 64 3
393 89 3
393 97 3
393 98 3
393 100 3
393 121 3
393 151 3
393 154 3
393 174 4
393 186 3
393 196 3
393 210 3
393 216 3
393 237 3
393 252 3
393 255 3
393 257 3
393 273 3
393 313 3
393 315 3
393 328 3
393 342 3
393 343 3
393 423 3
393 458 3
393 472 3
393 632 3
393 739 3
393 892 3
393 924 3
394 1 3
394 9 3
394 25 3
394 100 3
394 106 3
394 117 3
394 121 3
394 125 3
394 222 3
394 237 3
394 245 3
394 260 4
394 274 3
394 291 3
394 300 4
394 322 4
394 328 4
394 329 4
394 333 4
394 405 3
394 455 3
394 471 3
394 591 3
394 619 3
394 678 3
394 717 3
394 751 3
394 840 3
394 930 3
394 977 3
394 986 3
395 7 3
395 8 2
395 23 2
395 56 3
395 95 2
395 100 3
395 108 2
395 109 2
395 117 3
395 127 3
395 134 2
395 135 2
395 156 2
395 171 2
395 172 3
395 174 3
395 177 2
395 178 2
395 181 3
395 183 2
395 192 2
395 194 2
395 197 2
395 210 2
395 221 2
395 223 2
395 261 2
395 268 2
395 286 2
395 288 3
395 302 3
395 313 3
395 318 2
395 322 2
395 324 2
395 325 2
395 327 2
395 334 2
395 338 2
395 340 2
395 345 2
395 346 2
395 390 2
395 423 2
395 457 2
395 475 3
395 479 2
395 483 2
395 498 2
395 513 2
395 588 2
395 615 2
395 641 2
395 657 2
395 680 2
395 705 2
395 748 2
395 751 2
395 853 2
395 855 2
395 878 2
395 894 2
395 896 2
395 988 2
395 989 2
395 991 2
396 4 3
396 12 3
396 13 3
396 15 3
396 25 3
396 28 3
396 31 3
396 47 2
396 49 2
396 50 4
396 56 3
396 58 3
396 63 2
396 64 3
396 65 3
396 66 3
396 69 3
396 70 3
396 72 3
396 73 3
396 82 3
396 85 2
396 88 3
396 94 3
396 95 3
396 117 3
396 124 3
396 125 3
396 126 2
396 127 3
396 144 3
396 152 3
396 154 3
396 159 2
396 162 2
396 163 2
396 167 3
396 168 3
396 172 3
396 173 3
396 174 3
396 178 2
396 181 3
396 182 3
396 183 3
396 186 3
396 191 3
396 194 3
396 196 3
396 197 3
396 199 3
396 202 3
396 203 3
396 204 3
396 205 2
396 211 3
396 216 3
396 227 3
396 228 3
396 229 3
396 230 3
396 234 3
396 235 3
396 239 3
396 274 3
396 276 3
396 284 3
396 357 3
396 385 3
396 393 3
396 399 2
396 403 3
396 414 2
396 417 2
396 423 3
396 429 2
396 430 2
396 432 3
396 435 3
396 474 2
396 476 2
396 479 2
396 480 2
396 481 2
396 485 2
396 491 2
396 493 2
396 494 2
396 495 2
396 496 3
396 497 2
396 498 2
396 501 3
396 502 2
396 504 2
396 510 3
396 514 3
396 519 2
396 520 2
396 521 3
396 525 2
396 588 3
396 589 2
396 591 2
396 602 2
396 648 2
396 654 3
396 663 2
396 692 3
396 700 2
396 710 2
396 715 2
396 732 3
396 735 3
396 737 2
396 756 2
396 796 2
396 953 2
396 969 2
396 991 2
396 993 2
397 2 5
397 5 5
397 8 5
397 9 5
397 15 5
397 22 5
397 26 5
397 31 5
397 33 5
397 38 5
397 41 5
397 42 5
397 48 5
397 53 5
397 55 5
397 56 4
397 57 5
397 58 5
397 62 5
397 63 5
397 66 5
397 67 5
397 68 5
397 69 5
397 71 5
397 72 5
397 73 5
397 77 5
397 79 4
397 80 5
397 84 5
397 91 5
397 94 5
397 95 5
397 97 5
397 98 4
397 99 5
397 102 5
397 110 5
397 114 5
397 117 4
397 118 5
397 121 4
397 127 4
397 128 5
397 132 5
397 140 5
397 143 5
397 144 5
397 147 5
397 148 5
397 153 5
397 154 5
397 155 5
397 156 5
397 157 5
397 161 5
397 164 5
397 172 4
397 173 4
397 174 4
397 175 5
397 179 5
397 180 5
397 181 4
397 186 5
397 187 5
397 188 5
397 195 4
397 196 5
397 203 5
397 204 5
397 210 4
397 214 5
397 215 5
397 219 5
397 223 5
397 226 5
397 227 5
397 228 5
397 229 5
397 230 5
397 231 5
397 233 5
397 234 5
397 237 4
397 238 4
397 239 5
397 241 5
397 264 5
397 265 5
397 268 5
397 273 5
397 274 5
397 276 5
397 282 5
397 284 5
397 288 4
397 289 5
397 291 5
397 295 5
397 301 5
397 307 5
397 318 5
397 323 5
397 332 5
397 338 5
397 340 5
397 364 5
397 372 5
397 378 5
397 382 5
397 383 5
397 384 5
397 385 5
397 386 5
397 388 5
397 389 5
397 393 5
397 399 5
397 400 5
397 401 5
397 402 5
397 403 5
397 405 4
397 407 5
397 412 5
397 413 5
397 418 5
397 420 5
397 423 5
397 431 5
397 432 5
397 436 5
397 444 5
397 450 5
397 451 5
397 452 5
397 454 5
397 455 5
397 459 5
397 470 5
397 471 5
397 475 5
397 486 5
397 496 5
397 501 5
397 506 5
397 508 5
397 527 5
397 531 5
397 542 5
397 543 5
397 544 5
397 546 5
397 549 5
397 550 5
397 551 5
397 554 5
397 559 5
397 564 5
397 566 5
397 568 5
397 575 5
397 576 5
397 578 5
397 582 5
397 587 5
397 588 5
397 591 5
397 597 5
397 616 5
397 622 5
397 628 5
397 633 5
397 651 5
397 655 5
397 673 5
397 679 5
397 684 5
397 693 5
397 697 5
397 710 5
397 720 5
397 722 5
397 727 5
397 732 5
397 735 5
397 738 5
397 742 5
397 744 5
397 747 5
397 754 5
397 755 5
397 760 5
397 763 5
397 768 5
397 769 5
397 772 5
397 774 5
397 779 5
397 781 5
397 806 5
397 809 5
397 813 5
397 817 5
397 824 5
397 825 5
397 826 5
397 845 5
397 924 5
397 926 5
397 928 5
397 941 5
397 946 5
397 959 5
397 969 5
397 975 5
397 977 5
397 986 5
398 258 3
398 286 4
398 288 3
398 294 3
398 300 3
398 304 4
398 332 3
398 689 3
398 690 4
399 9 3
399 11 2
399 13 2
399 14 3
399 25 3
399 26 2
399 44 2
399 50 2
399 64 3
399 65 2
399 69 2
399 70 2
399 71 2
399 83 2
399 97 3
399 100 3
399 117 2
399 127 3
399 133 2
399 135 2
399 143 2
399 144 2
399 147 2
399 151 2
399 153 2
399 154 2
399 157 2
399 161 2
399 162 2
399 172 2
399 173 2
399 174 2
399 181 2
399 194 2
399 196 2
399 197 2
399 198 2
399 199 2
399 202 3
399 204 3
399 210 2
399 225 2
399 248 2
399 257 2
399 272 2
399 273 2
399 275 2
399 276 3
399 280 3
399 282 2
399 294 3
399 302 2
399 312 2
399 315 2
399 316 2
399 321 3
399 322 2
399 328 2
399 342 2
399 356 2
399 357 3
399 365 2
399 371 2
399 385 2
399 404 2
399 430 2
399 435 3
399 451 2
399 462 2
399 471 3
399 473 2
399 477 2
399 478 2
399 481 2
399 483 3
399 485 2
399 486 2
399 493 3
399 499 2
399 501 2
399 507 2
399 508 2
399 509 2
399 511 2
399 515 2
399 519 2
399 520 2
399 527 2
399 528 2
399 535 2
399 553 2
399 566 2
399 582 2
399 588 2
399 603 2
399 604 2
399 609 2
399 630 2
399 632 2
399 638 2
399 651 2
399 654 2
399 655 3
399 659 2
399 661 2
399 684 2
399 707 2
399 724 2
399 735 3
399 748 2
399 762 2
399 815 2
399 866 3
399 892 2
400 7 4
400 9 4
400 10 4
400 12 4
400 13 4
400 16 4
400 19 4
400 25 5
400 42 4
400 50 4
400 111 4
400 116 4
400 117 4
400 124 4
400 126 4
400 127 5
400 135 5
400 151 5
400 182 4
400 204 4
400 235 4
400 237 4
400 245 4
400 255 4
400 257 4
400 273 4
400 276 4
400 286 4
400 455 4
400 471 4
400 475 4
400 476 4
400 479 4
400 480 4
400 483 4
400 511 4
400 515 5
400 529 4
400 628 4
400 696 4
400 864 4