301 191 5
301 204 5
301 269 5
301 283 5
301 423 5
301 484 5
301 515 5
301 604 5
302 243 5
302 269 5
302 286 5
302 313 5
302 315 5
302 326 5
302 328 5
302 333 5
302 678 5
303 258 5
303 268 5
303 269 5
303 294 5
303 300 5
303 303 5
303 305 5
303 325 5
303 333 5
303 340 5
303 682 5
303 995 5
304 64 5
304 143 5
304 194 5
304 245 5
304 286 5
304 418 5
304 480 5
304 492 5
304 604 5
304 606 5
304 705 5
305 137 5
305 272 5
305 327 5
305 650 5
305 651 5
305 750 5
305 886 5
306 121 5
306 126 5
306 127 5
306 151 5
306 252 5
306 289 5
306 405 5
306 924 5
307 111 5
307 118 5
307 181 5
307 220 5
307 252 5
307 258 5
307 298 5
307 301 5
307 471 5
307 476 5
307 546 5
307 845 5
307 926 5
308 245 5
308 288 5
308 300 5
308 873 5
308 879 5
309 268 5
309 270 5
309 292 5
309 300 5
309 302 5
309 310 5
309 313 5
309 332 5
309 346 5
309 682 5
309 690 5
309 880 5
310 21 5
310 94 5
310 181 5
310 240 5
310 300 5
310 596 5
310 597 5
311 64 5
311 111 5
311 151 5
311 251 5
311 257 5
311 272 5
311 750 5
311 751 5
312 1 5
312 9 5
312 100 5
312 129 5
312 268 5
312 276 5
312 286 5
312 300 5
312 742 5
313 243 5
313 286 5
313 288 5
313 310 5
313 313 5
313 315 5
313 323 5
313 333 5
313 748 5
314 258 5
314 272 5
314 288 5
314 319 5
314 362 5
314 882 5
314 891 5
315 243 5
315 259 5
315 288 5
315 294 5
315 321 5
315 339 5
315 342 5
315 359 5
315 410 5
315 597 5
315 687 5
315 875 5
315 988 5
316 14 5
316 237 5
316 245 5
316 272 5
316 313 5
316 321 5
316 676 5
317 272 5
317 315 5
317 316 5
317 319 5
317 345 5
318 98 5
318 173 5
318 245 5
318 269 5
318 286 5
318 288 5
318 294 5
318 301 5
318 313 5
318 315 5
318 347 5
318 752 5
319 271 5
319 288 5
319 289 5
319 301 5
319 304 5
319 308 5
319 310 5
319 331 5
319 338 5
319 877 5
319 938 5
319 989 5
320 269 5
320 271 5
320 288 5
320 294 5
320 300 5
320 305 5
320 325 5
320 327 5
320 333 5
320 343 5
320 890 5
321 100 5
321 150 5
321 151 5
321 168 5
321 191 5
321 194 5
321 198 5
321 205 5
321 222 5
321 276 5
321 288 5
321 313 5
321 682 5
321 902 5
322 1 5
322 24 5
322 147 5
322 254 5
322 405 5
322 410 5
322 471 5
322 473 5
322 742 5
323 100 5
323 264 5
323 328 5
323 456 5
323 687 5
323 876 5
323 881 5
323 948 5
324 245 5
324 270 5
324 289 5
324 294 5
324 309 5
324 322 5
324 328 5
324 879 5
325 237 5
325 271 5
325 278 5
325 288 5
325 298 5
325 300 5
325 313 5
325 328 5
325 343 5
325 682 5
325 742 5
325 763 5
326 13 5
326 25 5
326 100 5
326 111 5
326 116 5
326 150 5
326 235 5
326 283 5
326 306 5
326 476 5
326 756 5
327 258 5
327 300 5
327 303 5
327 319 5
327 333 5
327 334 5
328 14 5
328 50 5
328 222 5
328 258 5
328 748 5
328 832 5
328 845 5
329 245 5
329 264 5
329 268 5
329 322 5
329 323 5
329 328 5
329 354 5
329 678 5
329 748 5
329 879 5
330 259 5
330 267 5
330 268 5
330 301 5
330 306 5
330 333 5
330 338 5
330 346 5
330 682 5
330 751 5
330 879 5
331 1 5
331 5 5
331 7 5
331 8 5
331 9 5
331 11 5
331 12 5
331 22 5
331 31 5
331 38 5
331 53 5
331 54 5
331 56 5
331 70 5
331 73 5
331 77 5
331 79 5
331 82 5
331 95 5
331 96 5
331 97 5
331 98 5
331 105 5
331 106 5
331 117 5
331 118 5
331 120 5
331 121 5
331 122 5
331 123 5
331 125 5
331 127 5
331 144 5
331 156 5
331 159 5
331 172 5
331 174 5
331 181 5
331 182 5
331 204 5
331 210 5
331 218 5
331 222 5
331 227 5
331 228 5
331 229 5
331 230 5
331 232 5
331 233 5
331 234 5
331 235 5
331 237 5
331 240 5
331 249 5
331 255 5
331 257 5
331 258 5
331 264 5
331 265 5
331 271 5
331 273 5
331 282 5
331 288 5
331 291 5
331 293 5
331 294 5
331 295 5
331 298 5
331 300 5
331 307 5
331 313 5
331 322 5
331 323 5
331 326 5
331 327 5
331 328 5
331 332 5
331 333 5
331 342 5
331 356 5
331 369 5
331 370 5
331 405 5
331 406 5
331 409 5
331 410 5
331 449 5
331 450 5
331 451 5
331 452 5
331 456 5
331 470 5
331 546 5
331 566 5
331 595 5
331 597 5
331 628 5
331 651 5
331 655 5
331 660 5
331 673 5
331 679 5
331 684 5
331 693 5
331 696 5
331 728 5
331 746 5
331 756 5
331 763 5
331 770 5
331 815 5
331 824 5
331 827 5
331 831 5
331 833 5
331 840 5
331 841 5
331 845 5
331 866 5
331 871 5
331 879 5
331 895 5
331 928 5
331 931 5
331 934 5
331 975 5
331 978 5
331 982 5
331 983 5
332 88 5
332 153 5
332 168 5
332 180 5
332 186 5
332 269 5
332 294 5
332 315 5
332 316 5
332 435 5
332 513 5
332 748 5
332 873 5
333 4 5
333 7 5
333 8 5
333 9 5
333 12 5
333 13 5
333 19 5
333 20 5
333 22 5
333 23 5
333 28 5
333 42 5
333 50 5
333 52 5
333 56 5
333 58 5
333 59 5
333 61 5
333 68 5
333 69 5
333 70 5
333 72 5
333 73 5
333 74 5
333 77 5
333 79 5
333 81 5
333 86 5
333 89 5
333 91 5
333 93 5
333 95 5
333 98 5
333 100 5
333 111 5
333 115 5
333 116 5
333 117 5
333 124 5
333 125 5
333 127 5
333 131 5
333 132 5
333 134 5
333 135 5
333 143 5
333 150 5
333 153 5
333 154 5
333 155 5
333 160 5
333 163 5
333 164 5
333 168 5
333 169 5
333 170 5
333 171 5
333 172 5
333 173 5
333 174 5
333 175 5
333 176 5
333 181 5
333 182 5
333 183 5
333 185 5
333 186 5
333 191 5
333 196 5
333 197 5
333 200 5
333 203 5
333 204 5
333 207 5
333 210 5
333 213 5
333 216 5
333 217 5
333 220 5
333 221 5
333 222 5
333 223 5
333 224 5
333 225 5
333 227 5
333 228 5
333 229 5
333 230 5
333 231 5
333 235 5
333 237 5
333 238 5
333 239 5
333 244 5
333 245 5
333 248 5
333 250 5
333 255 5
333 257 5
333 258 5
333 265 5
333 268 5
333 269 5
333 271 5
333 272 5
333 275 5
333 276 5
333 277 5
333 282 5
333 283 5
333 285 5
333 286 5
333 287 5
333 288 5
333 289 5
333 293 5
333 297 5
333 300 5
333 301 5
333 303 5
333 305 5
333 306 5
333 310 5
333 311 5
333 312 5
333 313 5
333 315 5
333 316 5
333 317 5
333 318 5
333 319 5
333 322 5
333 324 5
333 326 5
333 328 5
333 333 5
333 337 5
333 338 5
333 340 5
333 345 5
333 346 5
333 347 5
333 371 5
333 396 5
333 405 5
333 408 5
333 421 5
333 423 5
333 425 5
333 428 5
333 429 5
333 430 5
333 433 5
333 436 5
333 443 5
333 449 5
333 450 5
333 461 5
333 462 5
333 474 5
333 475 5
333 476 5
333 481 5
333 483 5
333 484 5
333 485 5
333 488 5
333 494 5
333 498 5
333 500 5
333 502 5
333 505 5
333 506 5
333 508 5
333 510 5
333 512 5
333 514 5
333 515 5
333 521 5
333 525 5
333 529 5
333 537 5
333 553 5
333 558 5
333 566 5
333 577 5
333 582 5
333 591 5
333 603 5
333 606 5
333 607 5
333 620 5
333 628 5
333 629 5
333 631 5
333 634 5
333 635 5
333 640 5
333 642 5
333 652 5
333 655 5
333 657 5
333 658 5
333 663 5
333 675 5
333 678 5
333 684 5
333 689 5
333 693 5
333 707 5
333 708 5
333 709 5
333 710 5
333 712 5
333 716 5
333 736 5
333 740 5
333 742 5
333 744 5
333 746 5
333 753 5
333 762 5
333 792 5
333 815 5
333 840 5
333 845 5
333 846 5
333 855 5
333 856 5
333 865 5
333 870 5
333 877 5
333 879 5
333 886 5
333 887 5
333 888 5
333 896 5
333 899 5
333 902 5
333 905 5
333 906 5
333 922 5
333 931 5
333 936 5
333 937 5
333 945 5
333 950 5
333 955 5
333 961 5
333 969 5
334 245 5
334 258 5
334 269 5
334 288 5
334 307 5
334 313 5
334 324 5
334 342 5
334 347 5
334 748 5
334 902 5
335 3 5
335 4 5
335 13 5
335 15 5
335 26 5
335 33 5
335 41 5
335 42 5
335 49 5
335 56 5
335 66 5
335 67 5
335 88 5
335 94 5
335 100 5
335 105 5
335 111 5
335 117 5
335 121 5
335 122 5
335 124 5
335 125 5
335 151 5
335 153 5
335 154 5
335 158 5
335 168 5
335 186 5
335 202 5
335 208 5
335 216 5
335 232 5
335 237 5
335 239 5
335 275 5
335 276 5
335 282 5
335 284 5
335 290 5
335 367 5
335 383 5
335 388 5
335 395 5
335 401 5
335 405 5
335 410 5
335 451 5
335 475 5
335 546 5
335 571 5
335 577 5
335 619 5
335 628 5
335 655 5
335 692 5
335 710 5
335 722 5
335 732 5
335 738 5
335 742 5
335 762 5
335 763 5
335 765 5
335 780 5
335 781 5
335 785 5
335 790 5
335 796 5
335 824 5
335 859 5
335 864 5
335 959 5
335 998 5
335 999 5
336 15 5
336 50 5
336 106 5
336 121 5
336 127 5
336 181 5
336 228 5
336 230 5
336 235 5
336 257 5
336 371 5
336 380 5
336 392 5
336 515 5
336 520 5
336 631 5
336 742 5
336 831 5
337 1 5
337 56 5
337 79 5
337 83 5
337 132 5
337 133 5
337 134 5
337 135 5
337 168 5
337 170 5
337 174 5
337 175 5
337 180 5
337 189 5
337 194 5
337 204 5
337 208 5
337 211 5
337 212 5
337 213 5
337 215 5
337 216 5
337 269 5
337 294 5
337 301 5
337 306 5
337 310 5
337 435 5
337 443 5
337 462 5
337 474 5
337 480 5
337 483 5
337 484 5
337 486 5
337 488 5
337 490 5
337 494 5
337 498 5
337 511 5
337 513 5
337 514 5
337 516 5
337 523 5
337 525 5
337 582 5
337 604 5
337 607 5
337 613 5
337 650 5
337 654 5
337 708 5
337 792 5
337 945 5
338 1 5
338 4 5
338 5 5
338 7 5
338 11 5
338 12 5
338 22 5
338 23 5
338 25 5
338 28 5
338 29 5
338 30 5
338 32 5
338 42 5
338 47 5
338 50 5
338 55 5
338 56 5
338 58 5
338 64 5
338 65 5
338 67 5
338 69 5
338 73 5
338 74 5
338 76 5
338 79 5
338 80 5
338 81 5
338 82 5
338 86 5
338 88 5
338 89 5
338 91 5
338 97 5
338 98 5
338 100 5
338 101 5
338 117 5
338 121 5
338 124 5
338 126 5
338 127 5
338 130 5
338 131 5
338 132 5
338 133 5
338 134 5
338 135 5
338 136 5
338 139 5
338 144 5
338 145 5
338 150 5
338 151 5
338 153 5
338 154 5
338 156 5
338 157 5
338 159 5
338 160 5
338 161 5
338 163 5
338 167 5
338 168 5
338 170 5
338 174 5
338 175 5
338 179 5
338 180 5
338 181 5
338 183 5
338 186 5
338 188 5
338 190 5
338 191 5
338 192 5
338 194 5
338 195 5
338 196 5
338 197 5
338 198 5
338 199 5
338 203 5
338 204 5
338 205 5
338 208 5
338 209 5
338 214 5
338 222 5
338 226 5
338 227 5
338 228 5
338 231 5
338 233 5
338 235 5
338 238 5
338 240 5
338 248 5
338 257 5
338 258 5
338 265 5
338 269 5
338 270 5
338 276 5
338 286 5
338 288 5
338 298 5
338 302 5
338 317 5
338 327 5
338 347 5
338 357 5
338 380 5
338 383 5
338 402 5
338 403 5
338 404 5
338 410 5
338 411 5
338 415 5
338 427 5
338 428 5
338 431 5
338 433 5
338 435 5
338 436 5
338 447 5
338 449 5
338 451 5
338 461 5
338 469 5
338 474 5
338 475 5
338 478 5
338 479 5
338 483 5
338 484 5
338 485 5
338 496 5
338 498 5
338 503 5
338 508 5
338 509 5
338 514 5
338 515 5
338 516 5
338 521 5
338 522 5
338 523 5
338 525 5
338 527 5
338 528 5
338 530 5
338 546 5
338 549 5
338 550 5
338 566 5
338 568 5
338 573 5
338 582 5
338 603 5
338 607 5
338 614 5
338 631 5
338 632 5
338 636 5
338 637 5
338 640 5
338 642 5
338 649 5
338 650 5
338 655 5
338 657 5
338 661 5
338 663 5
338 673 5
338 675 5
338 678 5
338 693 5
338 702 5
338 709 5
338 719 5
338 735 5
338 737 5
338 739 5
338 770 5
338 772 5
338 806 5
338 823 5
338 845 5
338 856 5
338 939 5
338 942 5
338 961 5
339 1 5
339 15 5
339 50 5
339 66 5
339 71 5
339 143 5
339 172 5
339 174 5
339 179 5
339 181 5
339 205 5
339 215 5
339 265 5
339 274 5
339 402 5
339 405 5
339 423 5
339 435 5
339 486 5
339 502 5
339 504 5
339 520 5
339 526 5
339 584 5
339 662 5
339 946 5
340 3 5
340 4 5
340 7 5
340 8 5
340 11 5
340 13 5
340 15 5
340 23 5
340 25 5
340 26 5
340 28 5
340 47 5
340 56 5
340 58 5
340 68 5
340 92 5
340 93 5
340 95 5
340 98 5
340 100 5
340 108 5
340 111 5
340 122 5
340 123 5
340 124 5
340 129 5
340 131 5
340 132 5
340 133 5
340 134 5
340 135 5
340 143 5
340 144 5
340 156 5
340 160 5
340 174 5
340 175 5
340 179 5
340 188 5
340 189 5
340 191 5
340 192 5
340 193 5
340 194 5
340 196 5
340 197 5
340 204 5
340 208 5
340 209 5
340 212 5
340 216 5
340 223 5
340 237 5
340 238 5
340 240 5
340 248 5
340 251 5
340 255 5
340 257 5
340 262 5
340 274 5
340 276 5
340 282 5
340 286 5
340 287 5
340 288 5
340 289 5
340 294 5
340 297 5
340 298 5
340 301 5
340 319 5
340 320 5
340 326 5
340 327 5
340 367 5
340 378 5
340 381 5
340 382 5
340 408 5
340 412 5
340 421 5
340 423 5
340 427 5
340 433 5
340 461 5
340 483 5
340 487 5
340 496 5
340 499 5
340 508 5
340 517 5
340 518 5
340 523 5
340 531 5
340 535 5
340 544 5
340 547 5
340 558 5
340 574 5
340 581 5
340 584 5
340 591 5
340 606 5
340 607 5
340 654 5
340 655 5
340 656 5
340 657 5
340 663 5
340 692 5
340 699 5
340 723 5
340 724 5
340 727 5
340 732 5
340 746 5
340 756 5
340 762 5
340 764 5
340 772 5
340 789 5
340 792 5
340 813 5
340 818 5
340 844 5
340 846 5
340 866 5
340 873 5
340 875 5
340 928 5
340 950 5
340 965 5
340 975 5
341 1 5
341 4 5
341 7 5
341 8 5
341 9 5
341 10 5
341 11 5
341 12 5
341 20 5
341 23 5
341 25 5
341 26 5
341 28 5
341 38 5
341 42 5
341 44 5
341 47 5
341 48 5
341 50 5
341 52 5
341 53 5
341 55 5
341 56 5
341 57 5
341 58 5
341 62 5
341 63 5
341 65 5
341 66 5
341 67 5
341 68 5
341 69 5
341 76 5
341 77 5
341 79 5
341 81 5
341 82 5
341 83 5
341 86 5
341 87 5
341 90 5
341 97 5
341 98 5
341 100 5
341 117 5
341 118 5
341 121 5
341 124 5
341 127 5
341 132 5
341 134 5
341 135 5
341 137 5
341 143 5
341 144 5
341 147 5
341 152 5
341 153 5
341 155 5
341 156 5
341 159 5
341 163 5
341 164 5
341 168 5
341 169 5
341 174 5
341 176 5
341 177 5
341 179 5
341 180 5
341 186 5
341 187 5
341 188 5
341 189 5
341 193 5
341 194 5
341 196 5
341 197 5
341 199 5
341 200 5
341 208 5
341 211 5
341 214 5
341 223 5
341 228 5
341 229 5
341 231 5
341 234 5
341 235 5
341 236 5
341 237 5
341 241 5
341 250 5
341 257 5
341 265 5
341 269 5
341 275 5
341 276 5
341 277 5
341 283 5
341 288 5
341 297 5
341 302 5
341 303 5
341 306 5
341 318 5
341 324 5
341 333 5
341 334 5
341 357 5
341 358 5
341 371 5
341 375 5
341 382 5
341 385 5
341 405 5
341 408 5
341 410 5
341 423 5
341 427 5
341 429 5
341 435 5
341 449 5
341 461 5
341 462 5
341 463 5
341 471 5
341 473 5
341 474 5
341 475 5
341 476 5
341 483 5
341 498 5
341 499 5
341 508 5
341 510 5
341 515 5
341 521 5
341 523 5
341 527 5
341 528 5
341 530 5
341 536 5
341 546 5
341 555 5
341 559 5
341 561 5
341 568 5
341 569 5
341 581 5
341 582 5
341 606 5
341 614 5
341 631 5
341 642 5
341 654 5
341 655 5
341 657 5
341 660 5
341 684 5
341 702 5
341 703 5
341 708 5
341 712 5
341 724 5
341 727 5
341 729 5
341 739 5
341 744 5
341 747 5
341 778 5
341 786 5
341 792 5
341 823 5
341 919 5
341 921 5
341 930 5
341 931 5
341 943 5
341 950 5
341 951 5
341 961 5
341 980 5
342 1 5
342 4 5
342 5 5
342 8 5
342 9 5
342 11 5
342 12 5
342 13 5
342 14 5
342 22 5
342 25 5
342 26 5
342 39 5
342 45 5
342 58 5
342 70 5
342 71 5
342 73 5
342 79 5
342 86 5
342 87 5
342 88 5
342 89 5
342 95 5
342 96 5
342 97 5
342 98 5
342 111 5
342 118 5
342 119 5
342 121 5
342 122 5
342 124 5
342 125 5
342 127 5
342 129 5
342 132 5
342 137 5
342 151 5
342 169 5
342 172 5
342 174 5
342 176 5
342 181 5
342 183 5
342 190 5
342 191 5
342 195 5
342 196 5
342 198 5
342 202 5
342 203 5
342 204 5
342 208 5
342 210 5
342 216 5
342 222 5
342 228 5
342 235 5
342 237 5
342 244 5
342 245 5
342 246 5
342 248 5
342 251 5
342 255 5
342 268 5
342 269 5
342 272 5
342 273 5
342 275 5
342 276 5
342 278 5
342 280 5
342 281 5
342 283 5
342 284 5
342 285 5
342 286 5
342 288 5
342 291 5
342 295 5
342 297 5
342 298 5
342 301 5
342 303 5
342 304 5
342 311 5
342 313 5
342 315 5
342 316 5
342 322 5
342 357 5
342 367 5
342 385 5
342 405 5
342 421 5
342 433 5
342 451 5
342 459 5
342 462 5
342 471 5
342 472 5
342 476 5
342 477 5
342 478 5
342 479 5
342 486 5
342 487 5
342 494 5
342 508 5
342 509 5
342 511 5
342 516 5
342 535 5
342 537 5
342 559 5
342 562 5
342 568 5
342 597 5
342 619 5
342 647 5
342 660 5
342 663 5
342 678 5
342 684 5
342 694 5
342 696 5
342 707 5
342 708 5
342 709 5
342 713 5
342 716 5
342 742 5
342 751 5
342 764 5
342 815 5
342 844 5
342 845 5
342 864 5
342 926 5
342 928 5
342 955 5
342 972 5
343 1 5
343 4 5
343 5 5
343 9 5
343 11 5
343 15 5
343 25 5
343 26 5
343 28 5
343 33 5
343 43 5
343 44 5
343 48 5
343 49 5
343 50 5
343 51 5
343 56 5
343 64 5
343 65 5
343 66 5
343 69 5
343 71 5
343 77 5
343 79 5
343 81 5
343 87 5
343 88 5
343 93 5
343 98 5
343 100 5
343 111 5
343 117 5
343 118 5
343 124 5
343 125 5
343 126 5
343 131 5
343 132 5
343 137 5
343 143 5
343 148 5
343 151 5
343 170 5
343 172 5
343 173 5
343 174 5
343 191 5
343 196 5
343 197 5
343 202 5
343 204 5
343 216 5
343 220 5
343 221 5
343 223 5
343 226 5
343 235 5
343 237 5
343 239 5
343 241 5
343 245 5
343 246 5
343 251 5
343 255 5
343 262 5
343 268 5
343 269 5
343 272 5
343 278 5
343 280 5
343 282 5
343 283 5
343 284 5
343 285 5
343 287 5
343 288 5
343 289 5
343 291 5
343 293 5
343 294 5
343 295 5
343 297 5
343 298 5
343 300 5
343 301 5
343 302 5
343 303 5
343 305 5
343 311 5
343 312 5
343 313 5
343 315 5
343 317 5
343 323 5
343 332 5
343 333 5
343 356 5
343 365 5
343 367 5
343 378 5
343 381 5
343 382 5
343 387 5
343 402 5
343 403 5
343 405 5
343 416 5
343 433 5
343 443 5
343 451 5
343 461 5
343 464 5
343 471 5
343 473 5
343 476 5
343 479 5
343 481 5
343 485 5
343 498 5
343 508 5
343 518 5
343 534 5
343 535 5
343 550 5
343 559 5
343 566 5
343 568 5
343 582 5
343 588 5
343 620 5
343 639 5
343 651 5
343 655 5
343 660 5
343 676 5
343 696 5
343 702 5
343 708 5
343 709 5
343 715 5
343 716 5
343 722 5
343 732 5
343 736 5
343 737 5
343 738 5
343 739 5
343 742 5
343 744 5
343 747 5
343 748 5
343 772 5
343 781 5
343 845 5
343 846 5
343 866 5
343 879 5
343 886 5
343 903 5
343 919 5
343 949 5
343 955 5
343 956 5
343 972 5
343 988 5
344 2 5
344 3 5
344 4 5
344 7 5
344 11 5
344 12 5
344 17 5
344 22 5
344 29 5
344 31 5
344 33 5
344 38 5
344 53 5
344 54 5
344 55 5
344 56 5
344 62 5
344 64 5
344 67 5
344 72 5
344 76 5
344 77 5
344 83 5
344 91 5
344 92 5
344 94 5
344 97 5
344 98 5
344 100 5
344 117 5
344 120 5
344 121 5
344 127 5
344 128 5
344 132 5
344 133 5
344 134 5
344 141 5
344 143 5
344 144 5
344 147 5
344 153 5
344 156 5
344 157 5
344 158 5
344 161 5
344 167 5
344 168 5
344 172 5
344 173 5
344 174 5
344 176 5
344 181 5
344 183 5
344 184 5
344 186 5
344 187 5
344 188 5
344 203 5
344 204 5
344 210 5
344 211 5
344 213 5
344 215 5
344 216 5
344 218 5
344 219 5
344 232 5
344 234 5
344 237 5
344 241 5
344 245 5
344 250 5
344 259 5
344 265 5
344 273 5
344 276 5
344 288 5
344 291 5
344 293 5
344 294 5
344 300 5
344 302 5
344 318 5
344 322 5
344 325 5
344 333 5
344 358 5
344 363 5
344 366 5
344 369 5
344 375 5
344 385 5
344 391 5
344 392 5
344 403 5
344 405 5
344 415 5
344 423 5
344 431 5
344 455 5
344 470 5
344 496 5
344 518 5
344 520 5
344 541 5
344 546 5
344 549 5
344 561 5
344 569 5
344 571 5
344 572 5
344 576 5
344 578 5
344 582 5
344 616 5
344 636 5
344 642 5
344 657 5
344 669 5
344 673 5
344 684 5
344 685 5
344 708 5
344 712 5
344 727 5
344 732 5
344 739 5
344 743 5
344 746 5
344 748 5
344 780 5
344 785 5
344 802 5
344 809 5
344 831 5
344 842 5
344 879 5
344 932 5
344 944 5
344 951 5
344 959 5
344 977 5
345 1 5
345 7 5
345 12 5
345 15 5
345 17 5
345 22 5
345 24 5
345 25 5
345 28 5
345 31 5
345 50 5
345 55 5
345 56 5
345 68 5
345 70 5
345 73 5
345 76 5
345 77 5
345 79 5
345 82 5
345 85 5
345 87 5
345 91 5
345 96 5
345 97 5
345 99 5
345 100 5
345 117 5
345 118 5
345 125 5
345 127 5
345 132 5
345 137 5
345 144 5
345 151 5
345 156 5
345 157 5
345 158 5
345 159 5
345 163 5
345 164 5
345 168 5
345 172 5
345 173 5
345 174 5
345 176 5
345 177 5
345 181 5
345 182 5
345 183 5
345 187 5
345 188 5
345 192 5
345 195 5
345 200 5
345 203 5
345 204 5
345 208 5
345 215 5
345 222 5
345 226 5
345 227 5
345 233 5
345 235 5
345 239 5
345 240 5
345 245 5
345 246 5
345 252 5
345 257 5
345 258 5
345 268 5
345 271 5
345 273 5
345 276 5
345 280 5
345 286 5
345 288 5
345 290 5
345 293 5
345 294 5
345 298 5
345 300 5
345 317 5
345 318 5
345 323 5
345 324 5
345 328 5
345 333 5
345 356 5
345 369 5
345 371 5
345 385 5
345 386 5
345 392 5
345 403 5
345 404 5
345 405 5
345 410 5
345 416 5
345 423 5
345 432 5
345 435 5
345 460 5
345 462 5
345 465 5
345 468 5
345 470 5
345 472 5
345 475 5
345 501 5
345 508 5
345 544 5
345 550 5
345 568 5
345 588 5
345 595 5
345 597 5
345 609 5
345 655 5
345 660 5
345 685 5
345 686 5
345 689 5
345 692 5
345 699 5
345 721 5
345 735 5
345 742 5
345 756 5
345 763 5
345 806 5
345 819 5
345 820 5
345 827 5
345 829 5
345 831 5
345 841 5
345 871 5
345 879 5
345 928 5
345 930 5
345 943 5
345 959 5
345 977 5
345 982 5
346 1 5
346 7 5
346 15 5
346 25 5
346 100 5
346 107 5
346 111 5
346 118 5
346 121 5
346 126 5
346 147 5
346 225 5
346 240 5
346 276 5
346 288 5
346 294 5
346 323 5
346 368 5
346 370 5
346 409 5
346 411 5
346 412 5
346 472 5
346 473 5
346 476 5
346 546 5
346 628 5
346 742 5
346 819 5
346 831 5
346 834 5
346 924 5
346 926 5
346 928 5
346 974 5
346 975 5
346 988 5
347 9 5
347 10 5
347 118 5
347 121 5
347 125 5
347 126 5
347 237 5
347 325 5
347 370 5
347 412 5
347 455 5
347 458 5
347 471 5
347 475 5
347 596 5
347 744 5
347 847 5
348 1 5
348 23 5
348 89 5
348 98 5
348 132 5
348 133 5
348 136 5
348 168 5
348 172 5
348 176 5
348 183 5
348 193 5
348 195 5
348 204 5
348 210 5
348 214 5
348 228 5
348 265 5
348 271 5
348 324 5
348 340 5
348 435 5
348 479 5
348 480 5
348 483 5
348 489 5
348 530 5
348 589 5
348 604 5
348 616 5
348 654 5
348 657 5
349 288 5
349 289 5
349 292 5
349 300 5
349 301 5
349 310 5
349 312 5
349 313 5
349 326 5
349 327 5
349 332 5
349 341 5
349 343 5
349 359 5
349 538 5
349 748 5
349 750 5
349 754 5
349 873 5
349 879 5
349 880 5
349 882 5
349 888 5
349 984 5
349 989 5
349 990 5
350 4 5
350 7 5
350 12 5
350 17 5
350 39 5
350 55 5
350 56 5
350 79 5
350 86 5
350 89 5
350 92 5
350 96 5
350 98 5
350 129 5
350 144 5
350 156 5
350 173 5
350 182 5
350 194 5
350 195 5
350 216 5
350 228 5
350 234 5
350 302 5
350 385 5
350 568 5
350 657 5
350 692 5
351 245 5
351 260 5
351 271 5
351 272 5
351 300 5
351 315 5
351 326 5
351 327 5
351 328 5
351 332 5
351 333 5
351 343 5
351 905 5
352 7 5
352 9 5
352 14 5
352 19 5
352 20 5
352 25 5
352 32 5
352 42 5
352 47 5
352 50 5
352 52 5
352 57 5
352 58 5
352 59 5
352 60 5
352 61 5
352 66 5
352 70 5
352 79 5
352 81 5
352 83 5
352 86 5
352 87 5
352 88 5
352 93 5
352 100 5
352 109 5
352 116 5
352 124 5
352 131 5
352 133 5
352 134 5
352 135 5
352 136 5
352 137 5
352 143 5
352 149 5
352 151 5
352 152 5
352 153 5
352 154 5
352 155 5
352 162 5
352 166 5
352 168 5
352 169 5
352 171 5
352 173 5
352 174 5
352 175 5
352 180 5
352 186 5
352 189 5
352 190 5
352 191 5
352 193 5
352 197 5
352 199 5
352 202 5
352 208 5
352 209 5
352 211 5
352 213 5
352 216 5
352 238 5
352 242 5
352 246 5
352 248 5
352 251 5
352 255 5
352 257 5
352 258 5
352 268 5
352 269 5
352 270 5
352 272 5
352 275 5
352 276 5
352 281 5
352 286 5
352 287 5
352 297 5
352 303 5
352 305 5
352 306 5
352 308 5
352 311 5
352 313 5
352 318 5
352 344 5
352 381 5
352 382 5
352 387 5
352 414 5
352 421 5
352 423 5
352 428 5
352 429 5
352 435 5
352 462 5
352 463 5
352 464 5
352 473 5
352 478 5
352 479 5
352 480 5
352 483 5
352 485 5
352 487 5
352 489 5
352 494 5
352 496 5
352 497 5
352 498 5
352 507 5
352 508 5
352 509 5
352 511 5
352 513 5
352 515 5
352 516 5
352 518 5
352 520 5
352 529 5
352 531 5
352 533 5
352 558 5
352 582 5
352 584 5
352 603 5
352 604 5
352 605 5
352 606 5
352 607 5
352 629 5
352 631 5
352 638 5
352 650 5
352 651 5
352 652 5
352 657 5
352 659 5
352 660 5
352 661 5
352 692 5
352 694 5
352 699 5
352 702 5
352 705 5
352 707 5
352 709 5
352 716 5
352 732 5
352 733 5
352 735 5
352 736 5
352 737 5
352 740 5
352 753 5
352 792 5
352 811 5
352 847 5
352 855 5
352 863 5
352 865 5
352 882 5
352 889 5
352 900 5
352 904 5
352 929 5
352 953 5
352 956 5
352 958 5
352 962 5
353 242 5
353 264 5
353 288 5
353 300 5
353 328 5
353 329 5
353 360 5
353 681 5
353 882 5
354 272 5
354 292 5
354 313 5
354 316 5
354 326 5
354 328 5
354 333 5
354 689 5
354 748 5
355 1 5
355 7 5
355 10 5
355 24 5
355 105 5
355 117 5
355 118 5
355 123 5
355 125 5
355 126 5
355 147 5
355 150 5
355 151 5
355 220 5
355 222 5
355 245 5
355 258 5
355 270 5
355 273 5
355 274 5
355 275 5
355 280 5
355 284 5
355 291 5
355 322 5
355 326 5
355 334 5
355 405 5
355 407 5
355 411 5
355 455 5
355 456 5
355 471 5
355 472 5
355 473 5
355 476 5
355 546 5
355 595 5
355 687 5
355 713 5
355 742 5
355 744 5
355 760 5
355 819 5
355 820 5
355 831 5
355 833 5
355 866 5
355 932 5
355 977 5
355 984 5
356 8 5
356 65 5
356 127 5
356 132 5
356 174 5
356 179 5
356 213 5
356 268 5
356 318 5
356 324 5
356 357 5
356 511 5
356 582 5
356 584 5
356 638 5
356 639 5
356 643 5
356 855 5
356 896 5
357 7 5
357 117 5
357 118 5
357 181 5
357 250 5
357 268 5
357 270 5
357 298 5
357 313 5
357 323 5
357 405 5
357 472 5
357 748 5
357 751 5
357 831 5
358 1 5
358 10 5
358 13 5
358 14 5
358 25 5
358 28 5
358 45 5
358 50 5
358 64 5
358 79 5
358 100 5
358 116 5
358 124 5
358 127 5
358 134 5
358 157 5
358 165 5
358 166 5
358 170 5
358 174 5
358 181 5
358 187 5
358 191 5
358 194 5
358 195 5
358 197 5
358 205 5
358 207 5
358 210 5
358 222 5
358 237 5
358 238 5
358 242 5
358 251 5
358 269 5
358 271 5
358 275 5
358 283 5
358 284 5
358 286 5
358 297 5
358 302 5
358 304 5
358 306 5
358 308 5
358 309 5
358 321 5
358 326 5
358 328 5
358 357 5
358 423 5
358 479 5
358 483 5
358 496 5
358 511 5
358 521 5
358 523 5
358 531 5
358 582 5
358 588 5
358 654 5
358 661 5
358 735 5
358 744 5
358 748 5
358 845 5
358 933 5
358 936 5
358 963 5
359 12 5
359 14 5
359 23 5
359 26 5
359 49 5
359 53 5
359 55 5
359 56 5
359 59 5
359 60 5
359 66 5
359 70 5
359 79 5
359 83 5
359 88 5
359 90 5
359 97 5
359 98 5
359 100 5
359 111 5
359 129 5
359 148 5
359 150 5
359 156 5
359 165 5
359 166 5
359 168 5
359 170 5
359 173 5
359 176 5
359 178 5
359 183 5
359 185 5
359 186 5
359 190 5
359 197 5
359 203 5
359 204 5
359 207 5
359 212 5
359 213 5
359 218 5
359 222 5
359 228 5
359 234 5
359 237 5
359 238 5
359 258 5
359 269 5
359 273 5
359 274 5
359 276 5
359 286 5
359 333 5
359 340 5
359 387 5
359 421 5
359 430 5
359 435 5
359 451 5
359 466 5
359 475 5
359 498 5
359 502 5
359 504 5
359 514 5
359 517 5
359 524 5
359 525 5
359 531 5
359 639 5
359 652 5
359 654 5
359 655 5
359 657 5
359 659 5
359 673 5
359 684 5
359 694 5
359 707 5
359 709 5
359 727 5
359 737 5
359 739 5
359 742 5
359 762 5
359 770 5
359 794 5
359 934 5
359 949 5
360 245 5
360 268 5
360 302 5
360 312 5
360 313 5
360 323 5
360 333 5
360 336 5
360 689 5
361 1 5
361 2 5
361 4 5
361 5 5
361 7 5
361 9 5
361 11 5
361 22 5
361 29 5
361 32 5
361 37 5
361 38 5
361 44 5
361 47 5
361 50 5
361 54 5
361 55 5
361 56 5
361 58 5
361 62 5
361 65 5
361 66 5
361 67 5
361 68 5
361 69 5
361 70 5
361 71 5
361 72 5
361 73 5
361 79 5
361 81 5
361 82 5
361 87 5
361 88 5
361 89 5
361 90 5
361 91 5
361 93 5
361 95 5
361 96 5
361 97 5
361 98 5
361 101 5
361 102 5
361 114 5
361 117 5
361 120 5
361 121 5
361 128 5
361 134 5
361 137 5
361 143 5
361 144 5
361 145 5
361 151 5
361 152 5
361 154 5
361 155 5
361 156 5
361 159 5
361 161 5
361 164 5
361 169 5
361 172 5
361 173 5
361 174 5
361 179 5
361 182 5
361 183 5
361 184 5
361 185 5
361 186 5
361 187 5
361 188 5
361 189 5
361 193 5
361 195 5
361 196 5
361 200 5
361 201 5
361 204 5
361 206 5
361 208 5
361 210 5
361 212 5
361 215 5
361 216 5
361 218 5
361 222 5
361 226 5
361 227 5
361 228 5
361 229 5
361 231 5
361 234 5
361 235 5
361 237 5
361 248 5
361 250 5
361 258 5
361 265 5
361 270 5
361 271 5
361 282 5
361 283 5
361 284 5
361 288 5
361 290 5
361 293 5
361 307 5
361 315 5
361 316 5
361 317 5
361 322 5
361 325 5
361 328 5
361 336 5
361 346 5
361 347 5
361 350 5
361 351 5
361 366 5
361 370 5
361 380 5
361 387 5
361 391 5
361 393 5
361 402 5
361 403 5
361 405 5
361 408 5
361 417 5
361 423 5
361 426 5
361 428 5
361 431 5
361 433 5
361 435 5
361 443 5
361 444 5
361 448 5
361 449 5
361 451 5
361 461 5
361 469 5
361 472 5
361 473 5
361 474 5
361 505 5
361 506 5
361 511 5
361 518 5
361 523 5
361 531 5
361 546 5
361 550 5
361 552 5
361 554 5
361 555 5
361 557 5
361 559 5
361 561 5
361 566 5
361 568 5
361 569 5
361 571 5
361 572 5
361 575 5
361 578 5
361 588 5
361 590 5
361 597 5
361 603 5
361 616 5
361 625 5
361 631 5
361 640 5
361 650 5
361 651 5
361 653 5
361 657 5
361 658 5
361 660 5
361 665 5
361 673 5
361 675 5
361 678 5
361 679 5
361 682 5
361 685 5
361 691 5
361 698 5
361 699 5
361 707 5
361 709 5
361 710 5
361 719 5
361 735 5
361 741 5
361 742 5
361 746 5
361 747 5
361 752 5
361 760 5
361 761 5
361 767 5
361 774 5
361 778 5
361 792 5
361 802 5
361 805 5
361 809 5
361 816 5
361 825 5
361 831 5
361 849 5
361 854 5
361 859 5
361 895 5
361 906 5
361 919 5
361 933 5
361 940 5
361 946 5
361 959 5
361 979 5
362 289 5
362 302 5
362 321 5
362 875 5
362 948 5
362 988 5
363 1 5
363 7 5
363 15 5
363 25 5
363 100 5
363 109 5
363 124 5
363 125 5
363 137 5
363 150 5
363 222 5
363 235 5
363 258 5
363 268 5
363 271 5
363 272 5
363 275 5
363 276 5
363 277 5
363 287 5
363 288 5
363 289 5
363 294 5
363 301 5
363 309 5
363 315 5
363 316 5
363 321 5
363 340 5
363 352 5
363 473 5
363 591 5
363 742 5
363 762 5
363 813 5
363 894 5
363 895 5
363 908 5
364 53 5
364 56 5
364 98 5
364 184 5
364 200 5
364 201 5
364 217 5
364 219 5
364 234 5
364 443 5
364 445 5
364 559 5
364 573 5
364 671 5
364 672 5
364 853 5
364 860 5
365 7 5
365 17 5
365 50 5
365 53 5
365 98 5
365 100 5
365 145 5
365 164 5
365 176 5
365 183 5
365 184 5
365 200 5
365 201 5
365 218 5
365 234 5
365 250 5
365 258 5
365 288 5
365 302 5
365 324 5
365 326 5
365 333 5
365 334 5
365 379 5
365 406 5
365 413 5
365 436 5
365 443 5
365 448 5
365 452 5
365 551 5
365 563 5
365 564 5
365 665 5
365 670 5
365 672 5
365 760 5
365 769 5
365 774 5
365 800 5
365 919 5
366 11 5
366 17 5
366 56 5
366 89 5
366 96 5
366 98 5
366 100 5
366 127 5
366 183 5
366 184 5
366 201 5
366 217 5
366 218 5
366 219 5
366 234 5
366 292 5
366 313 5
366 320 5
366 379 5
366 396 5
366 567 5
366 672 5
366 774 5
366 777 5
367 50 5
367 114 5
367 168 5
367 172 5
367 181 5
367 271 5
367 316 5
367 358 5
367 751 5
367 988 5
368 12 5
368 22 5
368 31 5
368 50 5
368 52 5
368 64 5
368 98 5
368 100 5
368 107 5
368 114 5
368 116 5
368 135 5
368 136 5
368 153 5
368 172 5
368 174 5
368 175 5
368 176 5
368 181 5
368 193 5
368 195 5
368 199 5
368 209 5
368 210 5
368 238 5
368 257 5
368 265 5
368 269 5
368 285 5
368 322 5
368 423 5
368 425 5
368 433 5
368 435 5
368 443 5
368 480 5
368 484 5
368 493 5
368 494 5
368 497 5
368 514 5
368 525 5
368 603 5
368 604 5
368 607 5
368 608 5
368 613 5
368 631 5
368 657 5
368 659 5
368 661 5
368 678 5
368 705 5
368 923 5
369 1 5
369 22 5
369 55 5
369 64 5
369 69 5
369 77 5
369 79 5
369 97 5
369 98 5
369 174 5
369 177 5
369 179 5
369 180 5
369 181 5
369 185 5
369 186 5
369 194 5
369 197 5
369 210 5
369 234 5
369 265 5
369 357 5
369 393 5
369 423 5
369 435 5
369 443 5
369 449 5
369 452 5
369 504 5
369 527 5
369 655 5
369 663 5
369 746 5
370 5 5
370 23 5
370 44 5
370 56 5
370 79 5
370 129 5
370 159 5
370 164 5
370 176 5
370 183 5
370 185 5
370 200 5
370 201 5
370 218 5
370 262 5
370 286 5
370 288 5
370 299 5
370 325 5
370 327 5
370 333 5
370 436 5
370 441 5
370 443 5
370 447 5
370 448 5
370 452 5
370 547 5
370 559 5
370 561 5
370 574 5
370 581 5
370 595 5
370 628 5
370 635 5
370 637 5
370 672 5
370 674 5
370 678 5
370 696 5
370 874 5
370 875 5
371 2 5
371 4 5
371 12 5
371 15 5
371 20 5
371 22 5
371 24 5
371 25 5
371 31 5
371 48 5
371 50 5
371 58 5
371 64 5
371 66 5
371 68 5
371 70 5
371 80 5
371 81 5
371 82 5
371 83 5
371 89 5
371 90 5
371 94 5
371 95 5
371 96 5
371 97 5
371 99 5
371 100 5
371 102 5
371 105 5
371 110 5
371 114 5
371 117 5
371 127 5
371 132 5
371 136 5
371 139 5
371 142 5
371 143 5
371 144 5
371 150 5
371 151 5
371 154 5
371 155 5
371 156 5
371 161 5
371 162 5
371 163 5
371 165 5
371 166 5
371 169 5
371 172 5
371 173 5
371 175 5
371 177 5
371 179 5
371 180 5
371 181 5
371 184 5
371 189 5
371 194 5
371 195 5
371 196 5
371 197 5
371 202 5
371 204 5
371 206 5
371 208 5
371 209 5
371 210 5
371 211 5
371 213 5
371 214 5
371 215 5
371 217 5
371 225 5
371 226 5
371 228 5
371 230 5
371 232 5
371 239 5
371 241 5
371 259 5
371 269 5
371 275 5
371 278 5
371 281 5
371 286 5
371 290 5
371 318 5
371 357 5
371 366 5
371 378 5
371 380 5
371 382 5
371 385 5
371 386 5
371 389 5
371 390 5
371 392 5
371 393 5
371 399 5
371 401 5
371 402 5
371 403 5
371 404 5
371 409 5
371 414 5
371 417 5
371 418 5
371 420 5
371 421 5
371 423 5
371 427 5
371 431 5
371 433 5
371 435 5
371 451 5
371 472 5
371 474 5
371 480 5
371 485 5
371 487 5
371 488 5
371 494 5
371 496 5
371 497 5
371 499 5
371 506 5
371 510 5
371 520 5
371 527 5
371 550 5
371 553 5
371 559 5
371 566 5
371 568 5
371 571 5
371 577 5
371 588 5
371 596 5
371 598 5
371 603 5
371 627 5
371 633 5
371 645 5
371 648 5
371 649 5
371 651 5
371 655 5
371 658 5
371 660 5
371 679 5
371 694 5
371 699 5
371 704 5
371 705 5
371 709 5
371 715 5
371 724 5
371 727 5
371 729 5
371 732 5
371 746 5
371 747 5
371 748 5
371 756 5
371 778 5
371 828 5
371 842 5
371 843 5
371 849 5
371 941 5
371 946 5
371 949 5
372 1 5
372 2 5
372 5 5
372 7 5
372 9 5
372 11 5
372 15 5
372 17 5
372 23 5
372 24 5
372 28 5
372 29 5
372 39 5
372 48 5
372 50 5
372 56 5
372 64 5
372 66 5
372 68 5
372 69 5
372 70 5
372 71 5
372 77 5
372 89 5
372 95 5
372 97 5
372 98 5
372 100 5
372 106 5
372 111 5
372 116 5
372 118 5
372 120 5
372 121 5
372 122 5
372 123 5
372 124 5
372 125 5
372 126 5
372 127 5
372 129 5
372 135 5
372 143 5
372 144 5
372 147 5
372 148 5
372 150 5
372 151 5
372 156 5
372 159 5
372 161 5
372 162 5
372 168 5
372 172 5
372 173 5
372 174 5
372 176 5
372 185 5
372 186 5
372 192 5
372 195 5
372 197 5
372 200 5
372 202 5
372 204 5
372 210 5
372 216 5
372 218 5
372 222 5
372 223 5
372 225 5
372 226 5
372 228 5
372 229 5
372 230 5
372 231 5
372 233 5
372 234 5
372 235 5
372 237 5
372 240 5
372 247 5
372 248 5
372 252 5
372 254 5
372 257 5
372 265 5
372 279 5
372 280 5
372 282 5
372 284 5
372 289 5
372 291 5
372 310 5
372 322 5
372 323 5
372 356 5
372 363 5
372 369 5
372 385 5
372 393 5
372 403 5
372 405 5
372 412 5
372 423 5
372 424 5
372 427 5
372 449 5
372 450 5
372 454 5
372 458 5
372 463 5
372 465 5
372 466 5
372 467 5
372 468 5
372 475 5
372 476 5
372 483 5
372 521 5
372 527 5
372 540 5
372 544 5
372 550 5
372 552 5
372 554 5
372 558 5
372 566 5
372 568 5
372 572 5
372 576 5
372 581 5
372 591 5
372 619 5
372 620 5
372 628 5
372 637 5
372 642 5
372 651 5
372 665 5
372 685 5
372 692 5
372 696 5
372 717 5
372 741 5
372 742 5
372 743 5
372 756 5
372 758 5
372 761 5
372 762 5
372 763 5
372 770 5
372 789 5
372 815 5
372 819 5
372 820 5
372 824 5
372 832 5
372 844 5
372 845 5
372 846 5
372 872 5
372 880 5
372 924 5
372 928 5
372 930 5
372 931 5
372 932 5
372 934 5
372 948 5
372 952 5
372 974 5
372 975 5
372 977 5
372 978 5
372 979 5
372 986 5
373 5 5
373 39 5
373 77 5
373 176 5
373 183 5
373 185 5
373 218 5
373 233 5
373 288 5
373 300 5
373 443 5
373 583 5
373 684 5
373 761 5
374 11 5
374 14 5
374 98 5
374 154 5
374 181 5
374 197 5
374 198 5
374 223 5
374 237 5
374 246 5
374 268 5
374 274 5
374 275 5
374 289 5
374 301 5
374 603 5
374 762 5
375 56 5
375 98 5
375 100 5
375 164 5
375 168 5
375 173 5
375 194 5
375 219 5
375 234 5
375 258 5
375 268 5
375 288 5
375 313 5
375 316 5
375 323 5
375 354 5
375 443 5
375 508 5
375 895 5
376 1 5
376 2 5
376 4 5
376 5 5
376 7 5
376 8 5
376 9 5
376 10 5
376 11 5
376 12 5
376 13 5
376 14 5
376 15 5
376 21 5
376 22 5
376 28 5
376 29 5
376 31 5
376 40 5
376 42 5
376 43 5
376 48 5
376 49 5
376 50 5
376 52 5
376 53 5
376 54 5
376 58 5
376 59 5
376 62 5
376 63 5
376 65 5
376 66 5
376 68 5
376 70 5
376 73 5
376 77 5
376 79 5
376 86 5
376 87 5
376 88 5
376 89 5
376 91 5
376 94 5
376 95 5
376 99 5
376 100 5
376 106 5
376 110 5
376 111 5
376 117 5
376 121 5
376 123 5
376 125 5
376 126 5
376 132 5
376 133 5
376 135 5
376 141 5
376 143 5
376 144 5
376 148 5
376 151 5
376 153 5
376 155 5
376 157 5
376 159 5
376 161 5
376 162 5
376 167 5
376 172 5
376 173 5
376 174 5
376 175 5
376 176 5
376 179 5
376 180 5
376 181 5
376 182 5
376 186 5
376 191 5
376 194 5
376 195 5
376 196 5
376 197 5
376 200 5
376 202 5
376 203 5
376 207 5
376 210 5
376 213 5
376 215 5
376 217 5
376 218 5
376 220 5
376 222 5
376 223 5
376 226 5
376 227 5
376 230 5
376 233 5
376 234 5
376 235 5
376 237 5
376 239 5
376 241 5
376 245 5
376 248 5
376 252 5
376 254 5
376 255 5
376 257 5
376 258 5
376 269 5
376 272 5
376 273 5
376 274 5
376 275 5
376 276 5
376 277 5
376 280 5
376 281 5
376 282 5
376 283 5
376 284 5
376 285 5
376 286 5
376 288 5
376 289 5
376 294 5
376 295 5
376 298 5
376 300 5
376 301 5
376 302 5
376 304 5
376 317 5
376 318 5
376 319 5
376 321 5
376 326 5
376 328 5
376 356 5
376 365 5
376 367 5
376 380 5
376 381 5
376 382 5
376 385 5
376 386 5
376 387 5
376 392 5
376 393 5
376 396 5
376 401 5
376 403 5
376 404 5
376 405 5
376 409 5
376 410 5
376 411 5
376 417 5
376 418 5
376 419 5
376 420 5
376 423 5
376 432 5
376 435 5
376 447 5
376 449 5
376 450 5
376 451 5
376 458 5
376 465 5
376 469 5
376 471 5
376 476 5
376 479 5
376 482 5
376 485 5
376 496 5
376 500 5
376 501 5
376 508 5
376 509 5
376 517 5
376 527 5
376 528 5
376 542 5
376 546 5
376 549 5
376 554 5
376 559 5
376 566 5
376 568 5
376 572 5
376 575 5
376 576 5
376 582 5
376 591 5
376 596 5
376 597 5
376 619 5
376 620 5
376 623 5
376 629 5
376 631 5
376 632 5
376 635 5
376 636 5
376 651 5
376 655 5
376 663 5
376 665 5
376 674 5
376 686 5
376 692 5
376 693 5
376 694 5
376 702 5
376 703 5
376 707 5
376 708 5
376 709 5
376 715 5
376 716 5
376 720 5
376 722 5
376 724 5
376 727 5
376 729 5
376 731 5
376 732 5
376 734 5
376 736 5
376 742 5
376 744 5
376 747 5
376 755 5
376 756 5
376 762 5
376 768 5
376 778 5
376 780 5
376 787 5
376 792 5
376 793 5
376 796 5
376 806 5
376 807 5
376 845 5
376 866 5
376 875 5
376 896 5
376 918 5
376 921 5
376 924 5
376 926 5
376 928 5
376 930 5
376 939 5
376 942 5
376 951 5
376 959 5
376 961 5
376 969 5
376 972 5
376 977 5
376 979 5
377 1 5
377 2 5
377 4 5
377 8 5
377 9 5
377 12 5
377 23 5
377 50 5
377 52 5
377 54 5
377 56 5
377 62 5
377 63 5
377 64 5
377 69 5
377 79 5
377 82 5
377 83 5
377 88 5
377 89 5
377 90 5
377 93 5
377 96 5
377 98 5
377 100 5
377 116 5
377 124 5
377 131 5
377 133 5
377 135 5
377 141 5
377 144 5
377 152 5
377 153 5
377 157 5
377 158 5
377 161 5
377 163 5
377 164 5
377 168 5
377 172 5
377 173 5
377 176 5
377 177 5
377 178 5
377 179 5
377 183 5
377 186 5
377 188 5
377 191 5
377 192 5
377 193 5
377 194 5
377 195 5
377 196 5
377 200 5
377 202 5
377 203 5
377 204 5
377 205 5
377 208 5
377 210 5
377 211 5
377 216 5
377 219 5
377 227 5
377 230 5
377 233 5
377 238 5
377 239 5
377 257 5
377 270 5
377 271 5
377 284 5
377 285 5
377 294 5
377 300 5
377 306 5
377 310 5
377 331 5
377 339 5
377 357 5
377 372 5
377 381 5
377 383 5
377 385 5
377 391 5
377 393 5
377 395 5
377 401 5
377 402 5
377 405 5
377 414 5
377 417 5
377 419 5
377 427 5
377 428 5
377 434 5
377 436 5
377 443 5
377 447 5
377 448 5
377 451 5
377 452 5
377 461 5
377 480 5
377 496 5
377 504 5
377 511 5
377 514 5
377 516 5
377 517 5
377 520 5
377 522 5
377 523 5
377 527 5
377 528 5
377 529 5
377 530 5
377 554 5
377 559 5
377 563 5
377 566 5
377 568 5
377 575 5
377 576 5
377 603 5
377 616 5
377 622 5
377 636 5
377 637 5
377 644 5
377 649 5
377 651 5
377 655 5
377 659 5
377 674 5
377 684 5
377 686 5
377 701 5
377 704 5
377 705 5
377 710 5
377 712 5
377 729 5
377 732 5
377 735 5
377 736 5
377 746 5
377 842 5
377 855 5
378 1 5
378 7 5
378 12 5
378 22 5
378 28 5
378 31 5
378 38 5
378 58 5
378 59 5
378 60 5
378 61 5
378 62 5
378 64 5
378 69 5
378 71 5
378 81 5
378 95 5
378 98 5
378 100 5
378 109 5
378 114 5
378 118 5
378 121 5
378 132 5
378 134 5
378 139 5
378 152 5
378 154 5
378 161 5
378 163 5
378 168 5
378 170 5
378 172 5
378 176 5
378 177 5
378 180 5
378 181 5
378 183 5
378 185 5
378 186 5
378 190 5
378 194 5
378 197 5
378 208 5
378 213 5
378 215 5
378 217 5
378 222 5
378 228 5
378 229 5
378 238 5
378 241 5
378 258 5
378 265 5
378 270 5
378 306 5
378 313 5
378 315 5
378 340 5
378 356 5
378 357 5
378 382 5
378 414 5
378 416 5
378 419 5
378 423 5
378 425 5
378 427 5
378 428 5
378 435 5
378 443 5
378 449 5
378 462 5
378 463 5
378 465 5
378 474 5
378 479 5
378 483 5
378 502 5
378 506 5
378 512 5
378 515 5
378 518 5
378 521 5
378 527 5
378 529 5
378 530 5
378 549 5
378 561 5
378 566 5
378 570 5
378 573 5
378 582 5
378 587 5
378 614 5
378 629 5
378 630 5
378 631 5
378 651 5
378 652 5
378 654 5
378 663 5
378 664 5
378 665 5
378 670 5
378 684 5
378 699 5
378 708 5
378 712 5
378 729 5
378 732 5
378 736 5
378 744 5
378 750 5
378 751 5
378 753 5
378 770 5
378 856 5
378 923 5
378 956 5
378 959 5
379 1 5
379 13 5
379 14 5
379 15 5
379 16 5
379 20 5
379 30 5
379 50 5
379 59 5
379 77 5
379 79 5
379 83 5
379 89 5
379 94 5
379 95 5
379 97 5
379 99 5
379 100 5
379 102 5
379 121 5
379 129 5
379 132 5
379 133 5
379 134 5
379 135 5
379 139 5
379 150 5
379 151 5
379 175 5
379 178 5
379 191 5
379 212 5
379 214 5
379 216 5
379 217 5
379 228 5
379 259 5
379 276 5
379 281 5
379 294 5
379 303 5
379 304 5
379 318 5
379 344 5
379 378 5
379 418 5
379 443 5
379 459 5
379 462 5
379 473 5
379 479 5
379 485 5
379 487 5
379 493 5
379 495 5
379 498 5
379 501 5
379 509 5
379 517 5
379 525 5
379 526 5
379 529 5
379 582 5
379 607 5
379 631 5
379 634 5
379 640 5
379 647 5
379 652 5
379 656 5
379 657 5
379 660 5
379 673 5
379 682 5
379 693 5
379 705 5
379 724 5
379 742 5
379 771 5
379 778 5
379 855 5
379 887 5
379 898 5
379 914 5
379 931 5
379 934 5
379 961 5
379 995 5
380 7 5
380 9 5
380 23 5
380 50 5
380 56 5
380 98 5
380 100 5
380 122 5
380 127 5
380 134 5
380 135 5
380 137 5
380 150 5
380 171 5
380 177 5
380 180 5
380 183 5
380 258 5
380 276 5
380 290 5
380 332 5
380 475 5
380 481 5
380 482 5
380 507 5
380 508 5
380 531 5
380 717 5
381 14 5
381 19 5
381 58 5
381 81 5
381 86 5
381 89 5
381 100 5
381 134 5
381 135 5
381 137 5
381 180 5
381 193 5
381 197 5
381 203 5
381 205 5
381 223 5
381 237 5
381 238 5
381 268 5
381 272 5
381 285 5
381 302 5
381 315 5
381 319 5
381 321 5
381 345 5
381 357 5
381 425 5
381 427 5
381 435 5
381 464 5
381 474 5
381 475 5
381 478 5
381 479 5
381 480 5
381 483 5
381 484 5
381 496 5
381 505 5
381 514 5
381 531 5
381 603 5
381 639 5
381 641 5
381 657 5
382 272 5
382 289 5
382 302 5
382 316 5
382 327 5
382 343 5
382 355 5
382 751 5
382 989 5
383 4 5
383 8 5
383 12 5
383 18 5
383 24 5
383 29 5
383 32 5
383 37 5
383 42 5
383 47 5
383 48 5
383 50 5
383 53 5
383 56 5
383 58 5
383 59 5
383 61 5
383 79 5
383 81 5
383 82 5
383 87 5
383 89 5
383 93 5
383 98 5
383 99 5
383 111 5
383 114 5
383 122 5
383 127 5
383 128 5
383 129 5
383 131 5
383 133 5
383 134 5
383 135 5
383 136 5
383 143 5
383 144 5
383 145 5
383 151 5
383 152 5
383 153 5
383 168 5
383 169 5
383 171 5
383 172 5
383 173 5
383 174 5
383 175 5
383 177 5
383 180 5
383 181 5
383 183 5
383 186 5
383 187 5
383 189 5
383 191 5
383 192 5
383 194 5
383 195 5
383 199 5
383 200 5
383 207 5
383 208 5
383 209 5
383 211 5
383 216 5
383 217 5
383 218 5
383 219 5
383 221 5
383 224 5
383 235 5
383 236 5
383 238 5
383 249 5
383 250 5
383 253 5
383 254 5
383 256 5
383 257 5
383 262 5
383 273 5
383 276 5
383 283 5
383 285 5
383 286 5
383 290 5
383 293 5
383 304 5
383 305 5
383 318 5
383 320 5
383 325 5
383 337 5
383 340 5
383 346 5
383 347 5
383 367 5
383 383 5
383 385 5
383 403 5
383 405 5
383 408 5
383 417 5
383 419 5
383 423 5
383 425 5
383 427 5
383 428 5
383 429 5
383 430 5
383 433 5
383 435 5
383 443 5
383 447 5
383 451 5
383 455 5
383 458 5
383 461 5
383 462 5
383 473 5
383 474 5
383 479 5
383 480 5
383 482 5
383 483 5
383 485 5
383 486 5
383 487 5
383 489 5
383 492 5
383 496 5
383 498 5
383 500 5
383 502 5
383 503 5
383 506 5
383 507 5
383 508 5
383 511 5
383 512 5
383 520 5
383 521 5
383 523 5
383 524 5
383 525 5
383 526 5
383 529 5
383 557 5
383 603 5
383 604 5
383 606 5
383 616 5
383 631 5
383 650 5
383 652 5
383 653 5
383 654 5
383 657 5
383 658 5
383 659 5
383 661 5
383 663 5
383 664 5
383 673 5
383 674 5
383 675 5
383 705 5
383 719 5
383 727 5
383 732 5
383 739 5
383 745 5
383 794 5
383 851 5
383 855 5
383 865 5
383 871 5
383 896 5
383 900 5
383 919 5
383 922 5
383 940 5
383 942 5
383 945 5
383 959 5
383 961 5
383 965 5
384 24 5
384 50 5
384 121 5
384 222 5
384 273 5
384 455 5
384 685 5
384 825 5
384 833 5
384 840 5
385 2 5
385 4 5
385 7 5
385 8 5
385 10 5
385 11 5
385 13 5
385 20 5
385 22 5
385 23 5
385 24 5
385 27 5
385 31 5
385 32 5
385 33 5
385 39 5
385 47 5
385 48 5
385 50 5
385 52 5
385 55 5
385 56 5
385 58 5
385 61 5
385 62 5
385 64 5
385 68 5
385 71 5
385 76 5
385 79 5
385 81 5
385 82 5
385 83 5
385 89 5
385 91 5
385 92 5
385 93 5
385 96 5
385 97 5
385 98 5
385 99 5
385 101 5
385 102 5
385 113 5
385 114 5
385 116 5
385 117 5
385 121 5
385 123 5
385 127 5
385 129 5
385 133 5
385 135 5
385 136 5
385 144 5
385 147 5
385 151 5
385 152 5
385 156 5
385 161 5
385 168 5
385 169 5
385 176 5
385 180 5
385 181 5
385 182 5
385 183 5
385 184 5
385 186 5
385 187 5
385 189 5
385 190 5
385 192 5
385 193 5
385 194 5
385 195 5
385 196 5
385 197 5
385 198 5
385 200 5
385 201 5
385 202 5
385 203 5
385 205 5
385 206 5
385 208 5
385 209 5
385 210 5
385 211 5
385 215 5
385 217 5
385 218 5
385 219 5
385 222 5
385 223 5
385 224 5
385 226 5
385 228 5
385 229 5
385 230 5
385 231 5
385 233 5
385 238 5
385 241 5
385 246 5
385 248 5
385 250 5
385 258 5
385 265 5
385 268 5
385 273 5
385 277 5
385 288 5
385 289 5
385 293 5
385 294 5
385 295 5
385 298 5
385 317 5
385 318 5
385 319 5
385 320 5
385 321 5
385 325 5
385 333 5
385 357 5
385 380 5
385 381 5
385 385 5
385 393 5
385 403 5
385 410 5
385 414 5
385 418 5
385 423 5
385 428 5
385 429 5
385 430 5
385 431 5
385 432 5
385 435 5
385 436 5
385 441 5
385 444 5
385 446 5
385 447 5
385 448 5
385 455 5
385 458 5
385 461 5
385 463 5
385 473 5
385 474 5
385 475 5
385 477 5
385 488 5
385 496 5
385 508 5
385 511 5
385 514 5
385 515 5
385 520 5
385 526 5
385 528 5
385 547 5
385 549 5
385 558 5
385 559 5
385 561 5
385 564 5
385 566 5
385 569 5
385 578 5
385 580 5
385 582 5
385 583 5
385 593 5
385 603 5
385 619 5
385 625 5
385 642 5
385 650 5
385 651 5
385 659 5
385 663 5
385 672 5
385 674 5
385 678 5
385 679 5
385 684 5
385 692 5
385 693 5
385 697 5
385 715 5
385 732 5
385 735 5
385 737 5
385 742 5
385 744 5
385 768 5
385 769 5
385 772 5
385 773 5
385 774 5
385 789 5
385 790 5
385 806 5
385 844 5
385 845 5
385 854 5
385 856 5
385 919 5
385 942 5
385 943 5
385 952 5
385 969 5
385 972 5
385 984 5
386 5 5
386 56 5
386 100 5
386 111 5
386 117 5
386 147 5
386 184 5
386 237 5
386 259 5
386 288 5
386 298 5
386 307 5
386 310 5
386 315 5
386 323 5
386 326 5
386 333 5
386 508 5
386 569 5
386 591 5
386 628 5
386 678 5
386 680 5
386 682 5
386 690 5
386 742 5
386 769 5
386 773 5
386 816 5
386 845 5
386 871 5
386 895 5
387 4 5
387 8 5
387 23 5
387 25 5
387 28 5
387 29 5
387 38 5
387 40 5
387 42 5
387 47 5
387 50 5
387 53 5
387 56 5
387 58 5
387 59 5
387 64 5
387 65 5
387 66 5
387 69 5
387 72 5
387 77 5
387 79 5
387 80 5
387 82 5
387 88 5
387 90 5
387 94 5
387 95 5
387 98 5
387 99 5
387 100 5
387 105 5
387 109 5
387 111 5
387 118 5
387 127 5
387 131 5
387 132 5
387 136 5
387 142 5
387 151 5
387 152 5
387 153 5
387 154 5
387 159 5
387 160 5
387 167 5
387 168 5
387 172 5
387 173 5
387 174 5
387 176 5
387 178 5
387 179 5
387 181 5
387 185 5
387 186 5
387 191 5
387 194 5
387 197 5
387 202 5
387 204 5
387 205 5
387 208 5
387 210 5
387 211 5
387 216 5
387 217 5
387 234 5
387 238 5
387 249 5
387 275 5
387 283 5
387 285 5
387 300 5
387 301 5
387 346 5
387 378 5
387 383 5
387 384 5
387 393 5
387 395 5
387 396 5
387 401 5
387 404 5
387 407 5
387 410 5
387 411 5
387 414 5
387 416 5
387 420 5
387 423 5
387 428 5
387 429 5
387 435 5
387 451 5
387 454 5
387 467 5
387 471 5
387 474 5
387 475 5
387 477 5
387 478 5
387 479 5
387 480 5
387 481 5
387 483 5
387 484 5
387 490 5
387 491 5
387 492 5
387 493 5
387 497 5
387 498 5
387 499 5
387 501 5
387 502 5
387 503 5
387 504 5
387 506 5
387 507 5
387 509 5
387 510 5
387 514 5
387 517 5
387 518 5
387 519 5
387 520 5
387 525 5
387 526 5
387 550 5
387 558 5
387 568 5
387 583 5
387 584 5
387 588 5
387 591 5
387 602 5
387 604 5
387 605 5
387 607 5
387 610 5
387 612 5
387 613 5
387 615 5
387 616 5
387 630 5
387 631 5
387 642 5
387 649 5
387 656 5
387 657 5
387 661 5
387 662 5
387 671 5
387 674 5
387 693 5
387 699 5
387 700 5
387 705 5
387 712 5
387 715 5
387 731 5
387 732 5
387 736 5
387 739 5
387 756 5
387 763 5
387 778 5
387 780 5
387 785 5
387 792 5
387 820 5
387 824 5
387 835 5
387 836 5
387 845 5
387 847 5
387 923 5
387 926 5
387 942 5
387 945 5
387 954 5
387 997 5
388 1 5
388 9 5
388 13 5
388 126 5
388 258 5
388 275 5
388 302 5
388 304 5
388 319 5
388 328 5
388 329 5
388 331 5
388 740 5
388 742 5
388 845 5
388 989 5
389 9 5
389 11 5
389 12 5
389 15 5
389 22 5
389 31 5
389 47 5
389 48 5
389 56 5
389 58 5
389 59 5
389 60 5
389 64 5
389 69 5
389 71 5
389 76 5
389 89 5
389 97 5
389 100 5
389 127 5
389 132 5
389 134 5
389 148 5
389 168 5
389 173 5
389 182 5
389 188 5
389 191 5
389 195 5
389 197 5
389 200 5
389 203 5
389 204 5
389 205 5
389 213 5
389 215 5
389 222 5
389 234 5
389 237 5
389 238 5
389 258 5
389 264 5
389 276 5
389 282 5
389 286 5
389 288 5
389 294 5
389 300 5
389 318 5
389 334 5
389 357 5
389 421 5
389 458 5
389 460 5
389 471 5
389 474 5
389 479 5
389 480 5
389 482 5
389 490 5
389 491 5
389 498 5
389 504 5
389 507 5
389 508 5
389 510 5
389 511 5
389 527 5
389 530 5
389 544 5
389 546 5
389 603 5
389 604 5
389 628 5
389 646 5
389 659 5
389 661 5
389 678 5
389 748 5
389 772 5
389 774 5
389 963 5
390 8 5
390 23 5
390 58 5
390 59 5
390 99 5
390 114 5
390 129 5
390 166 5
390 169 5
390 170 5
390 172 5
390 173 5
390 178 5
390 179 5
390 180 5
390 181 5
390 189 5
390 191 5
390 197 5
390 199 5
390 200 5
390 209 5
390 244 5
390 248 5
390 249 5
390 250 5
390 255 5
390 257 5
390 260 5
390 268 5
390 270 5
390 271 5
390 272 5
390 276 5
390 285 5
390 288 5
390 289 5
390 293 5
390 294 5
390 297 5
390 300 5
390 302 5
390 303 5
390 304 5
390 310 5
390 312 5
390 313 5
390 319 5
390 321 5
390 323 5
390 324 5
390 325 5
390 328 5
390 333 5
390 340 5
390 344 5
390 345 5
390 346 5
390 347 5
390 463 5
390 482 5
390 491 5
390 492 5
390 493 5
390 511 5
390 515 5
390 534 5
390 538 5
390 615 5
390 632 5
390 650 5
390 663 5
390 705 5
390 813 5
390 847 5
390 872 5
390 873 5
390 880 5
391 2 5
391 3 5
391 4 5
391 5 5
391 7 5
391 11 5
391 12 5
391 15 5
391 17 5
391 21 5
391 22 5
391 24 5
391 25 5
391 26 5
391 27 5
391 28 5
391 29 5
391 31 5
391 36 5
391 38 5
391 40 5
391 41 5
391 42 5
391 48 5
391 49 5
391 50 5
391 51 5
391 54 5
391 55 5
391 56 5
391 58 5
391 62 5
391 64 5
391 65 5
391 67 5
391 68 5
391 69 5
391 70 5
391 71 5
391 73 5
391 78 5
391 79 5
391 81 5
391 83 5
391 84 5
391 85 5
391 86 5
391 87 5
391 88 5
391 90 5
391 94 5
391 95 5
391 99 5
391 100 5
391 105 5
391 108 5
391 109 5
391 110 5
391 111 5
391 117 5
391 118 5
391 122 5
391 123 5
391 126 5
391 128 5
391 132 5
391 135 5
391 136 5
391 138 5
391 139 5
391 142 5
391 144 5
391 147 5
391 148 5
391 153 5
391 154 5
391 161 5
391 168 5
391 169 5
391 172 5
391 173 5
391 181 5
391 184 5
391 186 5
391 189 5
391 191 5
391 194 5
391 196 5
391 202 5
391 203 5
391 204 5
391 206 5
391 215 5
391 222 5
391 223 5
391 227 5
391 228 5
391 233 5
391 237 5
391 239 5
391 240 5
391 241 5
391 243 5
391 245 5
391 252 5
391 255 5
391 257 5
391 258 5
391 265 5
391 270 5
391 271 5
391 273 5
391 274 5
391 275 5
391 278 5
391 280 5
391 281 5
391 283 5
391 290 5
391 291 5
391 294 5
391 298 5
391 303 5
391 313 5
391 316 5
391 317 5
391 318 5
391 321 5
391 323 5
391 328 5
391 333 5
391 338 5
391 342 5
391 344 5
391 347 5
391 354 5
391 355 5
391 356 5
391 357 5
391 362 5
391 363 5
391 364 5
391 365 5
391 366 5
391 369 5
391 373 5
391 374 5
391 376 5
391 377 5
391 378 5
391 380 5
391 385 5
391 386 5
391 391 5
391 393 5
391 394 5
391 396 5
391 403 5
391 404 5
391 405 5
391 409 5
391 410 5
391 412 5
391 415 5
391 417 5
391 418 5
391 419 5
391 420 5
391 421 5
391 423 5
391 431 5
391 443 5
391 456 5
391 465 5
391 470 5
391 471 5
391 472 5
391 473 5
391 476 5
391 477 5
391 479 5
391 480 5
391 496 5
391 497 5
391 500 5
391 501 5
391 527 5
391 538 5
391 539 5
391 540 5
391 544 5
391 546 5
391 550 5
391 552 5
391 553 5
391 554 5
391 559 5
391 561 5
391 566 5
391 568 5
391 569 5
391 571 5
391 576 5
391 578 5
391 588 5
391 591 5
391 596 5
391 597 5
391 622 5
391 623 5
391 628 5
391 630 5
391 633 5
391 636 5
391 644 5
391 651 5
391 655 5
391 659 5
391 672 5
391 681 5
391 683 5
391 685 5
391 686 5
391 687 5
391 690 5
391 692 5
391 696 5
391 705 5
391 710 5
391 715 5
391 717 5
391 721 5
391 722 5
391 725 5
391 727 5
391 728 5
391 731 5
391 737 5
391 739 5
391 742 5
391 747 5
391 751 5
391 755 5
391 756 5
391 761 5
391 763 5
391 771 5
391 775 5
391 778 5
391 779 5
391 780 5
391 781 5
391 783 5
391 789 5
391 792 5
391 794 5
391 797 5
391 802 5
391 805 5
391 808 5
391 810 5
391 812 5
391 815 5
391 821 5
391 824 5
391 825 5
391 826 5
391 831 5
391 836 5
391 840 5
391 841 5
391 842 5
391 843 5
391 845 5
391 870 5
391 871 5
391 876 5
391 879 5
391 890 5
391 905 5
391 922 5
391 929 5
391 930 5
391 932 5
391 939 5
391 940 5
391 944 5
391 949 5
391 951 5
391 953 5
391 964 5
391 977 5
391 996 5
391 997 5
391 999 5
391 1000 5
392 1 5
392 7 5
392 28 5
392 31 5
392 38 5
392 39 5
392 42 5
392 56 5
392 63 5
392 68 5
392 72 5
392 73 5
392 79 5
392 84 5
392 88 5
392 96 5
392 97 5
392 98 5
392 101 5
392 117 5
392 121 5
392 128 5
392 132 5
392 144 5
392 154 5
392 156 5
392 158 5
392 161 5
392 164 5
392 172 5
392 174 5
392 179 5
392 181 5
392 184 5
392 195 5
392 208 5
392 210 5
392 216 5
392 217 5
392 218 5
392 222 5
392 226 5
392 227 5
392 229 5
392 230 5
392 232 5
392 233 5
392 238 5
392 250 5
392 257 5
392 265 5
392 282 5
392 288 5
392 313 5
392 364 5
392 383 5
392 385 5
392 386 5
392 411 5
392 416 5
392 419 5
392 423 5
392 433 5
392 449 5
392 450 5
392 455 5
392 496 5
392 508 5
392 540 5
392 541 5
392 550 5
392 552 5
392 554 5
392 559 5
392 561 5
392 568 5
392 576 5
392 578 5
392 597 5
392 655 5
392 658 5
392 665 5
392 679 5
392 746 5
392 763 5
392 771 5
392 773 5
392 780 5
392 797 5
392 802 5
392 979 5
393 1 5
393 50 5
393 64 5
393 89 5
393 97 5
393 98 5
393 100 5
393 121 5
393 151 5
393 154 5
393 174 5
393 186 5
393 196 5
393 210 5
393 216 5
393 237 5
393 252 5
393 255 5
393 257 5
393 273 5
393 313 5
393 315 5
393 328 5
393 342 5
393 343 5
393 423 5
393 458 5
393 472 5
393 632 5
393 739 5
393 892 5
393 924 5
394 1 5
394 9 5
394 25 5
394 100 5
394 106 5
394 117 5
394 121 5
394 125 5
394 222 5
394 237 5
394 245 5
394 260 5
394 274 5
394 291 5
394 300 5
394 322 5
394 328 5
394 329 5
394 333 5
394 405 5
394 455 5
394 471 5
394 591 5
394 619 5
394 678 5
394 717 5
394 751 5
394 840 5
394 930 5
394 977 5
394 986 5
395 7 5
395 8 5
395 23 5
395 56 5
395 95 5
395 100 5
395 108 5
395 109 5
395 117 5
395 127 5
395 134 5
395 135 5
395 156 5
395 171 5
395 172 5
395 174 5
395 177 5
395 178 5
395 181 5
395 183 5
395 192 5
395 194 5
395 197 5
395 210 5
395 221 5
395 223 5
395 261 5
395 268 5
395 286 5
395 288 5
395 302 5
395 313 5
395 318 5
395 322 5
395 324 5
395 325 5
395 327 5
395 334 5
395 338 5
395 340 5
395 345 5
395 346 5
395 390 5
395 423 5
395 457 5
395 475 5
395 479 5
395 483 5
395 498 5
395 513 5
395 588 5
395 615 5
395 641 5
395 657 5
395 680 5
395 705 5
395 748 5
395 751 5
395 853 5
395 855 5
395 878 5
395 894 5
395 896 5
395 988 5
395 989 5
395 991 5
396 4 5
396 12 5
396 13 5
396 15 5
396 25 5
396 28 5
396 31 5
396 47 5
396 49 5
396 50 5
396 56 5
396 58 5
396 63 5
396 64 5
396 65 5
396 66 5
396 69 5
396 70 5
396 72 5
396 73 5
396 82 5
396 85 5
396 88 5
396 94 5
396 95 5
396 117 5
396 124 5
396 125 5
396 126 5
396 127 5
396 144 5
396 152 5
396 154 5
396 159 5
396 162 5
396 163 5
396 167 5
396 168 5
396 172 5
396 173 5
396 174 5
396 178 5
396 181 5
396 182 5
396 183 5
396 186 5
396 191 5
396 194 5
396 196 5
396 197 5
396 199 5
396 202 5
396 203 5
396 204 5
396 205 5
396 211 5
396 216 5
396 227 5
396 228 5
396 229 5
396 230 5
396 234 5
396 235 5
396 239 5
396 274 5
396 276 5
396 284 5
396 357 5
396 385 5
396 393 5
396 399 5
396 403 5
396 414 5
396 417 5
396 423 5
396 429 5
396 430 5
396 432 5
396 435 5
396 474 5
396 476 5
396 479 5
396 480 5
396 481 5
396 485 5
396 491 5
396 493 5
396 494 5
396 495 5
396 496 5
396 497 5
396 498 5
396 501 5
396 502 5
396 504 5
396 510 5
396 514 5
396 519 5
396 520 5
396 521 5
396 525 5
396 588 5
396 589 5
396 591 5
396 602 5
396 648 5
396 654 5
396 663 5
396 692 5
396 700 5
396 710 5
396 715 5
396 732 5
396 735 5
396 737 5
396 756 5
396 796 5
396 953 5
396 969 5
396 991 5
396 993 5
397 2 5
397 5 5
397 8 5
397 9 5
397 15 5
397 22 5
397 26 5
397 31 5
397 33 5
397 38 5
397 41 5
397 42 5
397 48 5
397 53 5
397 55 5
397 56 5
397 57 5
397 58 5
397 62 5
397 63 5
397 66 5
397 67 5
397 68 5
397 69 5
397 71 5
397 72 5
397 73 5
397 77 5
397 79 5
397 80 5
397 84 5
397 91 5
397 94 5
397 95 5
397 97 5
397 98 5
397 99 5
397 102 5
397 110 5
397 114 5
397 117 5
397 118 5
397 121 5
397 127 5
397 128 5
397 132 5
397 140 5
397 143 5
397 144 5
397 147 5
397 148 5
397 153 5
397 154 5
397 155 5
397 156 5
397 157 5
397 161 5
397 164 5
397 172 5
397 173 5
397 174 5
397 175 5
397 179 5
397 180 5
397 181 5
397 186 5
397 187 5
397 188 5
397 195 5
397 196 5
397 203 5
397 204 5
397 210 5
397 214 5
397 215 5
397 219 5
397 223 5
397 226 5
397 227 5
397 228 5
397 229 5
397 230 5
397 231 5
397 233 5
397 234 5
397 237 5
397 238 5
397 239 5
397 241 5
397 264 5
397 265 5
397 268 5
397 273 5
397 274 5
397 276 5
397 282 5
397 284 5
397 288 5
397 289 5
397 291 5
397 295 5
397 301 5
397 307 5
397 318 5
397 323 5
397 332 5
397 338 5
397 340 5
397 364 5
397 372 5
397 378 5
397 382 5
397 383 5
397 384 5
397 385 5
397 386 5
397 388 5
397 389 5
397 393 5
397 399 5
397 400 5
397 401 5
397 402 5
397 403 5
397 405 5
397 407 5
397 412 5
397 413 5
397 418 5
397 420 5
397 423 5
397 431 5
397 432 5
397 436 5
397 444 5
397 450 5
397 451 5
397 452 5
397 454 5
397 455 5
397 459 5
397 470 5
397 471 5
397 475 5
397 486 5
397 496 5
397 501 5
397 506 5
397 508 5
397 527 5
397 531 5
397 542 5
397 543 5
397 544 5
397 546 5
397 549 5
397 550 5
397 551 5
397 554 5
397 559 5
397 564 5
397 566 5
397 568 5
397 575 5
397 576 5
397 578 5
397 582 5
397 587 5
397 588 5
397 591 5
397 597 5
397 616 5
397 622 5
397 628 5
397 633 5
397 651 5
397 655 5
397 673 5
397 679 5
397 684 5
397 693 5
397 697 5
397 710 5
397 720 5
397 722 5
397 727 5
397 732 5
397 735 5
397 738 5
397 742 5
397 744 5
397 747 5
397 754 5
397 755 5
397 760 5
397 763 5
397 768 5
397 769 5
397 772 5
397 774 5
397 779 5
397 781 5
397 806 5
397 809 5
397 813 5
397 817 5
397 824 5
397 825 5
397 826 5
397 845 5
397 924 5
397 926 5
397 928 5
397 941 5
397 946 5
397 959 5
397 969 5
397 975 5
397 977 5
397 986 5
398 258 5
398 286 5
398 288 5
398 294 5
398 300 5
398 304 5
398 332 5
398 689 5
398 690 5
399 9 5
399 11 5
399 13 5
399 14 5
399 25 5
399 26 5
399 44 5
399 50 5
399 64 5
399 65 5
399 69 5
399 70 5
399 71 5
399 83 5
399 97 5
399 100 5
399 117 5
399 127 5
399 133 5
399 135 5
399 143 5
399 144 5
399 147 5
399 151 5
399 153 5
399 154 5
399 157 5
399 161 5
399 162 5
399 172 5
399 173 5
399 174 5
399 181 5
399 194 5
399 196 5
399 197 5
399 198 5
399 199 5
399 202 5
399 204 5
399 210 5
399 225 5
399 248 5
399 257 5
399 272 5
399 273 5
399 275 5
399 276 5
399 280 5
399 282 5
399 294 5
399 302 5
399 312 5
399 315 5
399 316 5
399 321 5
399 322 5
399 328 5
399 342 5
399 356 5
399 357 5
399 365 5
399 371 5
399 385 5
399 404 5
399 430 5
399 435 5
399 451 5
399 462 5
399 471 5
399 473 5
399 477 5
399 478 5
399 481 5
399 483 5
399 485 5
399 486 5
399 493 5
399 499 5
399 501 5
399 507 5
399 508 5
399 509 5
399 511 5
399 515 5
399 519 5
399 520 5
399 527 5
399 528 5
399 535 5
399 553 5
399 566 5
399 582 5
399 588 5
399 603 5
399 604 5
399 609 5
399 630 5
399 632 5
399 638 5
399 651 5
399 654 5
399 655 5
399 659 5
399 661 5
399 684 5
399 707 5
399 724 5
399 735 5
399 748 5
399 762 5
399 815 5
399 866 5
399 892 5
400 7 5
400 9 5
400 10 5
400 12 5
400 13 5
400 16 5
400 19 5
400 25 5
400 42 5
400 50 5
400 111 5
400 116 5
400 117 5
400 124 5
400 126 5
400 127 5
400 135 5
400 151 5
400 182 5
400 204 5
400 235 5
400 237 5
400 245 5
400 255 5
400 257 5
400 273 5
400 276 5
400 286 5
400 455 5
400 471 5
400 475 5
400 476 5
400 479 5
400 480 5
400 483 5
400 511 5
400 515 5
400 529 5
400 628 5
400 696 5
400 864 5