301 191 3
301 204 3
301 269 2
301 283 2
301 423 3
301 484 2
301 515 2
301 604 2
302 243 3
302 269 1
302 286 2
302 313 3
302 315 3
302 326 3
302 328 3
302 333 3
302 678 3
303 258 4
303 268 4
303 269 5
303 294 4
303 300 4
303 303 5
303 305 4
303 325 5
303 333 3
303 340 4
303 682 4
303 995 5
304 64 4
304 143 3
304 194 2
304 245 3
304 286 4
304 418 3
304 480 3
304 492 3
304 604 4
304 606 3
304 705 3
305 137 5
305 272 5
305 327 5
305 650 5
305 651 4
305 750 5
305 886 5
306 121 3
306 126 2
306 127 2
306 151 2
306 252 2
306 289 1
306 405 3
306 924 1
307 111 3
307 118 2
307 181 3
307 220 3
307 252 2
307 258 3
307 298 2
307 301 4
307 471 2
307 476 3
307 546 2
307 845 3
307 926 3
308 245 3
308 288 3
308 300 3
308 873 3
308 879 2
309 268 2
309 270 1
309 292 1
309 300 3
309 302 2
309 310 1
309 313 3
309 332 1
309 346 1
309 682 1
309 690 1
309 880 1
310 21 5
310 94 5
310 181 5
310 240 5
310 300 5
310 596 5
310 597 5
311 64 5
311 111 5
311 151 5
311 251 5
311 257 5
311 272 3
311 750 5
311 751 5
312 1 4
312 9 3
312 100 4
312 129 3
312 268 3
312 276 5
312 286 4
312 300 3
312 742 2
313 243 2
313 286 3
313 288 3
313 310 2
313 313 3
313 315 3
313 323 2
313 333 4
313 748 3
314 258 4
314 272 4
314 288 5
314 319 5
314 362 4
314 882 5
314 891 4
315 243 5
315 259 5
315 288 5
315 294 5
315 321 5
315 339 5
315 342 5
315 359 5
315 410 5
315 597 5
315 687 5
315 875 5
315 988 5
316 14 2
316 237 2
316 245 1
316 272 1
316 313 2
316 321 1
316 676 1
317 272 3
317 315 2
317 316 3
317 319 2
317 345 2
318 98 5
318 173 4
318 245 3
318 269 4
318 286 4
318 288 4
318 294 3
318 301 3
318 313 4
318 315 3
318 347 4
318 752 3
319 271 5
319 288 5
319 289 5
319 301 5
319 304 5
319 308 5
319 310 5
319 331 5
319 338 5
319 877 5
319 938 5
319 989 5
320 269 3
320 271 2
320 288 3
320 294 3
320 300 3
320 305 2
320 325 2
320 327 2
320 333 2
320 343 2
320 890 2
321 100 4
321 150 4
321 151 4
321 168 3
321 191 3
321 194 3
321 198 4
321 205 4
321 222 4
321 276 4
321 288 4
321 313 4
321 682 4
321 902 4
322 1 4
322 24 4
322 147 4
322 254 5
322 405 4
322 410 4
322 471 4
322 473 5
322 742 4
323 100 3
323 264 3
323 328 3
323 456 3
323 687 3
323 876 3
323 881 3
323 948 3
324 245 1
324 270 2
324 289 2
324 294 2
324 309 1
324 322 1
324 328 2
324 879 2
325 237 2
325 271 1
325 278 1
325 288 2
325 298 2
325 300 2
325 313 2
325 328 2
325 343 1
325 682 1
325 742 2
325 763 1
326 13 3
326 25 4
326 100 4
326 111 3
326 116 3
326 150 3
326 235 3
326 283 3
326 306 3
326 476 3
326 756 3
327 258 3
327 300 3
327 303 3
327 319 3
327 333 3
327 334 3
328 14 3
328 50 4
328 222 4
328 258 5
328 748 4
328 832 3
328 845 3
329 245 4
329 264 5
329 268 4
329 322 5
329 323 5
329 328 4
329 354 5
329 678 5
329 748 5
329 879 5
330 259 5
330 267 5
330 268 4
330 301 5
330 306 5
330 333 5
330 338 5
330 346 4
330 682 5
330 751 4
330 879 5
331 1 5
331 5 3
331 7 4
331 8 4
331 9 4
331 11 4
331 12 3
331 22 4
331 31 3
331 38 3
331 53 3
331 54 3
331 56 4
331 70 4
331 73 3
331 77 4
331 79 4
331 82 4
331 95 4
331 96 3
331 97 4
331 98 4
331 105 3
331 106 3
331 117 4
331 118 4
331 120 3
331 121 4
331 122 3
331 123 3
331 125 3
331 127 4
331 144 3
331 156 3
331 159 3
331 172 4
331 174 4
331 181 4
331 182 3
331 204 4
331 210 4
331 218 4
331 222 4
331 227 3
331 228 4
331 229 3
331 230 4
331 232 3
331 233 3
331 234 3
331 235 3
331 237 4
331 240 3
331 249 3
331 255 3
331 257 3
331 258 4
331 264 3
331 265 3
331 271 3
331 273 4
331 282 3
331 288 4
331 291 3
331 293 3
331 294 4
331 295 3
331 298 3
331 300 3
331 307 3
331 313 4
331 322 3
331 323 3
331 326 3
331 327 3
331 328 3
331 332 3
331 333 3
331 342 3
331 356 3
331 369 3
331 370 3
331 405 4
331 406 3
331 409 3
331 410 4
331 449 3
331 450 3
331 451 3
331 452 3
331 456 3
331 470 3
331 546 4
331 566 4
331 595 3
331 597 3
331 628 3
331 651 4
331 655 4
331 660 4
331 673 3
331 679 3
331 684 3
331 693 3
331 696 3
331 728 3
331 746 3
331 756 3
331 763 3
331 770 3
331 815 3
331 824 3
331 827 3
331 831 3
331 833 3
331 840 3
331 841 3
331 845 4
331 866 3
331 871 3
331 879 3
331 895 3
331 928 3
331 931 3
331 934 3
331 975 3
331 978 3
331 982 3
331 983 3
332 88 5
332 153 5
332 168 5
332 180 5
332 186 5
332 269 5
332 294 5
332 315 5
332 316 5
332 435 5
332 513 5
332 748 5
332 873 5
333 4 5
333 7 5
333 8 5
333 9 5
333 12 5
333 13 5
333 19 5
333 20 5
333 22 5
333 23 5
333 28 5
333 42 5
333 50 5
333 52 5
333 56 5
333 58 5
333 59 5
333 61 5
333 68 5
333 69 5
333 70 5
333 72 5
333 73 5
333 74 5
333 77 5
333 79 5
333 81 5
333 86 5
333 89 5
333 91 5
333 93 5
333 95 5
333 98 5
333 100 5
333 111 5
333 115 5
333 116 5
333 117 5
333 124 5
333 125 5
333 127 5
333 131 5
333 132 5
333 134 5
333 135 5
333 143 5
333 150 5
333 153 5
333 154 5
333 155 5
333 160 5
333 163 5
333 164 5
333 168 5
333 169 5
333 170 5
333 171 5
333 172 5
333 173 5
333 174 5
333 175 5
333 176 5
333 181 5
333 182 5
333 183 5
333 185 5
333 186 5
333 191 5
333 196 5
333 197 5
333 200 5
333 203 5
333 204 5
333 207 5
333 210 5
333 213 5
333 216 5
333 217 5
333 220 5
333 221 5
333 222 5
333 223 5
333 224 5
333 225 5
333 227 5
333 228 5
333 229 5
333 230 5
333 231 5
333 235 5
333 237 5
333 238 5
333 239 5
333 244 5
333 245 5
333 248 5
333 250 5
333 255 5
333 257 5
333 258 5
333 265 5
333 268 5
333 269 5
333 271 5
333 272 5
333 275 5
333 276 5
333 277 5
333 282 5
333 283 5
333 285 5
333 286 5
333 287 5
333 288 5
333 289 5
333 293 5
333 297 5
333 300 5
333 301 5
333 303 5
333 305 5
333 306 5
333 310 5
333 311 5
333 312 5
333 313 5
333 315 5
333 316 5
333 317 5
333 318 5
333 319 5
333 322 5
333 324 5
333 326 5
333 328 5
333 333 5
333 337 5
333 338 5
333 340 5
333 345 5
333 346 5
333 347 5
333 371 5
333 396 5
333 405 5
333 408 5
333 421 5
333 423 5
333 425 5
333 428 5
333 429 5
333 430 5
333 433 5
333 436 5
333 443 5
333 449 5
333 450 5
333 461 5
333 462 5
333 474 5
333 475 5
333 476 5
333 481 5
333 483 5
333 484 5
333 485 5
333 488 5
333 494 5
333 498 5
333 500 5
333 502 5
333 505 5
333 506 5
333 508 5
333 510 5
333 512 5
333 514 5
333 515 5
333 521 5
333 525 5
333 529 5
333 537 5
333 553 5
333 558 5
333 566 5
333 577 5
333 582 5
333 591 5
333 603 5
333 606 5
333 607 5
333 620 5
333 628 5
333 629 5
333 631 5
333 634 5
333 635 5
333 640 5
333 642 5
333 652 5
333 655 5
333 657 5
333 658 5
333 663 5
333 675 5
333 678 5
333 684 5
333 689 5
333 693 5
333 707 5
333 708 5
333 709 5
333 710 5
333 712 5
333 716 5
333 736 5
333 740 5
333 742 5
333 744 5
333 746 5
333 753 5
333 762 5
333 792 5
333 815 5
333 840 5
333 845 5
333 846 5
333 855 5
333 856 5
333 865 5
333 870 5
333 877 5
333 879 5
333 886 5
333 887 5
333 888 5
333 896 5
333 899 5
333 902 5
333 905 5
333 906 5
333 922 5
333 931 5
333 936 5
333 937 5
333 945 5
333 950 5
333 955 5
333 961 5
333 969 5
334 245 2
334 258 4
334 269 3
334 288 2
334 307 2
334 313 3
334 324 2
334 342 2
334 347 2
334 748 2
334 902 2
335 3 2
335 4 3
335 13 3
335 15 2
335 26 2
335 33 2
335 41 2
335 42 2
335 49 2
335 56 3
335 66 2
335 67 2
335 88 3
335 94 3
335 100 3
335 105 2
335 111 2
335 117 3
335 121 3
335 122 2
335 124 2
335 125 2
335 151 3
335 153 3
335 154 3
335 158 2
335 168 3
335 186 3
335 202 3
335 208 3
335 216 3
335 232 2
335 237 3
335 239 2
335 275 2
335 276 2
335 282 2
335 284 2
335 290 2
335 367 2
335 383 2
335 388 2
335 395 2
335 401 2
335 405 2
335 410 2
335 451 3
335 475 2
335 546 3
335 571 2
335 577 2
335 619 2
335 628 2
335 655 3
335 692 3
335 710 2
335 722 2
335 732 2
335 738 2
335 742 2
335 762 2
335 763 2
335 765 2
335 780 2
335 781 2
335 785 2
335 790 2
335 796 2
335 824 2
335 859 2
335 864 2
335 959 2
335 998 2
335 999 2
336 15 4
336 50 4
336 106 4
336 121 4
336 127 4
336 181 4
336 228 3
336 230 3
336 235 4
336 257 4
336 371 4
336 380 4
336 392 4
336 515 4
336 520 4
336 631 4
336 742 4
336 831 4
337 1 5
337 56 5
337 79 5
337 83 5
337 132 5
337 133 5
337 134 5
337 135 4
337 168 5
337 170 5
337 174 5
337 175 5
337 180 5
337 189 5
337 194 5
337 204 5
337 208 5
337 211 5
337 212 5
337 213 5
337 215 5
337 216 5
337 269 5
337 294 5
337 301 5
337 306 5
337 310 5
337 435 5
337 443 5
337 462 5
337 474 5
337 480 5
337 483 5
337 484 5
337 486 5
337 488 5
337 490 5
337 494 5
337 498 5
337 511 5
337 513 5
337 514 5
337 516 5
337 523 5
337 525 5
337 582 5
337 604 5
337 607 5
337 613 5
337 650 5
337 654 5
337 708 5
337 792 5
337 945 5
338 1 5
338 4 5
338 5 5
338 7 5
338 11 5
338 12 5
338 22 5
338 23 5
338 25 4
338 28 5
338 29 5
338 30 5
338 32 5
338 42 5
338 47 5
338 50 5
338 55 5
338 56 5
338 58 5
338 64 5
338 65 5
338 67 5
338 69 5
338 73 5
338 74 5
338 76 5
338 79 5
338 80 5
338 81 5
338 82 5
338 86 5
338 88 5
338 89 5
338 91 5
338 97 5
338 98 5
338 100 3
338 101 5
338 117 5
338 121 4
338 124 5
338 126 5
338 127 5
338 130 5
338 131 5
338 132 5
338 133 5
338 134 5
338 135 5
338 136 5
338 139 5
338 144 5
338 145 5
338 150 4
338 151 5
338 153 5
338 154 5
338 156 5
338 157 5
338 159 5
338 160 5
338 161 5
338 163 5
338 167 5
338 168 5
338 170 5
338 174 5
338 175 5
338 179 5
338 180 5
338 181 5
338 183 5
338 186 5
338 188 5
338 190 5
338 191 5
338 192 5
338 194 5
338 195 5
338 196 5
338 197 5
338 198 5
338 199 5
338 203 5
338 204 5
338 205 5
338 208 5
338 209 5
338 214 5
338 222 5
338 226 5
338 227 5
338 228 5
338 231 5
338 233 5
338 235 4
338 238 5
338 240 5
338 248 5
338 257 4
338 258 5
338 265 5
338 269 5
338 270 5
338 276 4
338 286 5
338 288 4
338 298 5
338 302 5
338 317 5
338 327 5
338 347 5
338 357 5
338 380 5
338 383 5
338 402 5
338 403 5
338 404 5
338 410 5
338 411 5
338 415 5
338 427 5
338 428 5
338 431 5
338 433 5
338 435 5
338 436 5
338 447 5
338 449 5
338 451 5
338 461 5
338 469 5
338 474 5
338 475 4
338 478 5
338 479 5
338 483 5
338 484 5
338 485 5
338 496 5
338 498 5
338 503 5
338 508 5
338 509 5
338 514 5
338 515 5
338 516 5
338 521 5
338 522 5
338 523 5
338 525 5
338 527 5
338 528 5
338 530 5
338 546 5
338 549 5
338 550 5
338 566 5
338 568 5
338 573 5
338 582 5
338 603 5
338 607 5
338 614 5
338 631 5
338 632 5
338 636 5
338 637 5
338 640 5
338 642 5
338 649 5
338 650 5
338 655 5
338 657 5
338 661 5
338 663 5
338 673 5
338 675 5
338 678 5
338 693 5
338 702 5
338 709 5
338 719 5
338 735 5
338 737 5
338 739 5
338 770 5
338 772 5
338 806 5
338 823 5
338 845 5
338 856 5
338 939 5
338 942 5
338 961 5
339 1 5
339 15 4
339 50 4
339 66 5
339 71 5
339 143 5
339 172 4
339 174 5
339 179 5
339 181 3
339 205 4
339 215 4
339 265 4
339 274 4
339 402 5
339 405 4
339 423 4
339 435 4
339 486 4
339 502 4
339 504 5
339 520 4
339 526 4
339 584 4
339 662 4
339 946 5
340 3 2
340 4 3
340 7 2
340 8 3
340 11 2
340 13 2
340 15 2
340 23 3
340 25 2
340 26 2
340 28 3
340 47 2
340 56 3
340 58 3
340 68 2
340 92 2
340 93 2
340 95 2
340 98 4
340 100 2
340 108 2
340 111 2
340 122 2
340 123 2
340 124 2
340 129 2
340 131 2
340 132 3
340 133 3
340 134 2
340 135 3
340 143 3
340 144 3
340 156 2
340 160 2
340 174 3
340 175 3
340 179 3
340 188 2
340 189 2
340 191 3
340 192 2
340 193 3
340 194 3
340 196 3
340 197 2
340 204 3
340 208 3
340 209 3
340 212 2
340 216 3
340 223 2
340 237 2
340 238 2
340 240 2
340 248 2
340 251 2
340 255 1
340 257 2
340 262 2
340 274 2
340 276 2
340 282 2
340 286 2
340 287 2
340 288 2
340 289 2
340 294 2
340 297 2
340 298 2
340 301 2
340 319 2
340 320 2
340 326 2
340 327 2
340 367 2
340 378 2
340 381 2
340 382 2
340 408 2
340 412 2
340 421 2
340 423 3
340 427 2
340 433 3
340 461 2
340 483 4
340 487 2
340 496 3
340 499 2
340 508 2
340 517 2
340 518 2
340 523 3
340 531 2
340 535 2
340 544 2
340 547 2
340 558 2
340 574 2
340 581 2
340 584 2
340 591 2
340 606 2
340 607 2
340 654 3
340 655 3
340 656 2
340 657 3
340 663 2
340 692 3
340 699 2
340 723 2
340 724 2
340 727 2
340 732 3
340 746 2
340 756 2
340 762 2
340 764 2
340 772 2
340 789 2
340 792 2
340 813 2
340 818 2
340 844 2
340 846 2
340 866 2
340 873 2
340 875 2
340 928 2
340 950 2
340 965 2
340 975 2
341 1 3
341 4 3
341 7 4
341 8 3
341 9 4
341 10 3
341 11 4
341 12 4
341 20 4
341 23 4
341 25 3
341 26 3
341 28 3
341 38 4
341 42 3
341 44 3
341 47 3
341 48 3
341 50 4
341 52 3
341 53 3
341 55 4
341 56 4
341 57 3
341 58 3
341 62 3
341 63 3
341 65 3
341 66 3
341 67 4
341 68 3
341 69 4
341 76 3
341 77 3
341 79 3
341 81 3
341 82 4
341 83 3
341 86 3
341 87 3
341 90 3
341 97 3
341 98 3
341 100 4
341 117 4
341 118 3
341 121 3
341 124 4
341 127 4
341 132 4
341 134 3
341 135 4
341 137 4
341 143 3
341 144 4
341 147 3
341 152 3
341 153 3
341 155 4
341 156 4
341 159 3
341 163 3
341 164 4
341 168 3
341 169 3
341 174 4
341 176 5
341 177 3
341 179 3
341 180 3
341 186 3
341 187 4
341 188 3
341 189 3
341 193 3
341 194 3
341 196 3
341 197 3
341 199 3
341 200 4
341 208 3
341 211 3
341 214 3
341 223 3
341 228 3
341 229 3
341 231 3
341 234 3
341 235 4
341 236 3
341 237 4
341 241 3
341 250 4
341 257 4
341 265 3
341 269 3
341 275 3
341 276 3
341 277 4
341 283 3
341 288 4
341 297 3
341 302 4
341 303 3
341 306 3
341 318 3
341 324 4
341 333 4
341 334 3
341 357 4
341 358 4
341 371 3
341 375 3
341 382 3
341 385 3
341 405 3
341 408 3
341 410 4
341 423 3
341 427 3
341 429 3
341 435 3
341 449 3
341 461 3
341 462 3
341 463 3
341 471 3
341 473 3
341 474 3
341 475 4
341 476 3
341 483 3
341 498 3
341 499 3
341 508 4
341 510 3
341 515 4
341 521 4
341 523 3
341 527 3
341 528 3
341 530 3
341 536 3
341 546 3
341 555 3
341 559 3
341 561 3
341 568 3
341 569 3
341 581 3
341 582 3
341 606 3
341 614 3
341 631 3
341 642 4
341 654 3
341 655 3
341 657 3
341 660 3
341 684 3
341 702 3
341 703 4
341 708 4
341 712 4
341 724 3
341 727 4
341 729 3
341 739 3
341 744 4
341 747 3
341 778 4
341 786 3
341 792 3
341 823 3
341 919 3
341 921 3
341 930 4
341 931 3
341 943 4
341 950 3
341 951 3
341 961 3
341 980 3
342 1 3
342 4 3
342 5 3
342 8 3
342 9 3
342 11 3
342 12 3
342 13 2
342 14 2
342 22 3
342 25 2
342 26 2
342 39 3
342 45 2
342 58 3
342 70 3
342 71 3
342 73 3
342 79 3
342 86 2
342 87 3
342 88 3
342 89 4
342 95 3
342 96 4
342 97 3
342 98 3
342 111 2
342 118 3
342 119 2
342 121 3
342 122 3
342 124 2
342 125 3
342 127 3
342 129 3
342 132 3
342 137 2
342 151 2
342 169 2
342 172 3
342 174 4
342 176 4
342 181 4
342 183 4
342 190 3
342 191 3
342 195 4
342 196 3
342 198 3
342 202 3
342 203 3
342 204 3
342 208 3
342 210 3
342 216 3
342 222 3
342 228 3
342 235 3
342 237 3
342 244 2
342 245 3
342 246 3
342 248 3
342 251 2
342 255 2
342 268 3
342 269 2
342 272 3
342 273 3
342 275 1
342 276 2
342 278 2
342 280 2
342 281 3
342 283 2
342 284 2
342 285 2
342 286 2
342 288 3
342 291 3
342 295 3
342 297 3
342 298 3
342 301 3
342 303 3
342 304 3
342 311 3
342 313 3
342 315 3
342 316 3
342 322 3
342 357 3
342 367 3
342 385 3
342 405 3
342 421 3
342 433 3
342 451 3
342 459 2
342 462 2
342 471 3
342 472 3
342 476 2
342 477 2
342 478 2
342 479 2
342 486 2
342 487 2
342 494 2
342 508 3
342 509 2
342 511 3
342 516 2
342 535 2
342 537 3
342 559 3
342 562 3
342 568 3
342 597 3
342 619 3
342 647 3
342 660 2
342 663 3
342 678 3
342 684 3
342 694 2
342 696 2
342 707 2
342 708 2
342 709 2
342 713 3
342 716 2
342 742 3
342 751 3
342 764 2
342 815 2
342 844 2
342 845 2
342 864 2
342 926 2
342 928 3
342 955 3
342 972 2
343 1 5
343 4 4
343 5 4
343 9 4
343 11 5
343 15 4
343 25 4
343 26 4
343 28 4
343 33 4
343 43 4
343 44 4
343 48 4
343 49 4
343 50 5
343 51 4
343 56 5
343 64 5
343 65 4
343 66 4
343 69 5
343 71 5
343 77 4
343 79 5
343 81 4
343 87 4
343 88 4
343 93 4
343 98 5
343 100 4
343 111 4
343 117 4
343 118 4
343 124 4
343 125 4
343 126 4
343 131 4
343 132 5
343 137 4
343 143 4
343 148 4
343 151 4
343 170 4
343 172 5
343 173 5
343 174 5
343 191 5
343 196 5
343 197 4
343 202 5
343 204 5
343 216 5
343 220 4
343 221 4
343 223 4
343 226 4
343 235 4
343 237 5
343 239 4
343 241 4
343 245 4
343 246 4
343 251 4
343 255 4
343 262 4
343 268 4
343 269 4
343 272 4
343 278 4
343 280 4
343 282 4
343 283 4
343 284 4
343 285 4
343 287 4
343 288 4
343 289 4
343 291 4
343 293 4
343 294 4
343 295 4
343 297 4
343 298 4
343 300 4
343 301 4
343 302 4
343 303 4
343 305 4
343 311 4
343 312 4
343 313 3
343 315 4
343 317 4
343 323 3
343 332 4
343 333 3
343 356 4
343 365 4
343 367 4
343 378 4
343 381 4
343 382 4
343 387 4
343 402 4
343 403 4
343 405 4
343 416 4
343 433 4
343 443 4
343 451 4
343 461 4
343 464 4
343 471 4
343 473 4
343 476 4
343 479 4
343 481 4
343 485 4
343 498 4
343 508 5
343 518 4
343 534 4
343 535 4
343 550 4
343 559 4
343 566 4
343 568 4
343 582 4
343 588 5
343 620 4
343 639 4
343 651 4
343 655 4
343 660 5
343 676 4
343 696 4
343 702 4
343 708 4
343 709 4
343 715 4
343 716 4
343 722 4
343 732 4
343 736 4
343 737 4
343 738 4
343 739 5
343 742 4
343 744 4
343 747 4
343 748 4
343 772 4
343 781 4
343 845 4
343 846 4
343 866 4
343 879 4
343 886 4
343 903 4
343 919 4
343 949 4
343 955 4
343 956 4
343 972 4
343 988 4
344 2 2
344 3 2
344 4 3
344 7 3
344 11 3
344 12 3
344 17 2
344 22 3
344 29 2
344 31 3
344 33 2
344 38 2
344 53 2
344 54 2
344 55 3
344 56 3
344 62 3
344 64 3
344 67 3
344 72 2
344 76 2
344 77 3
344 83 2
344 91 3
344 92 3
344 94 2
344 97 2
344 98 3
344 100 3
344 117 3
344 120 2
344 121 3
344 127 3
344 128 2
344 132 3
344 133 2
344 134 3
344 141 2
344 143 3
344 144 3
344 147 3
344 153 3
344 156 3
344 157 2
344 158 3
344 161 3
344 167 2
344 168 3
344 172 4
344 173 3
344 174 4
344 176 3
344 181 5
344 183 3
344 184 3
344 186 3
344 187 3
344 188 2
344 203 2
344 204 3
344 210 3
344 211 2
344 213 2
344 215 3
344 216 3
344 218 3
344 219 3
344 232 2
344 234 3
344 237 3
344 241 2
344 245 3
344 250 3
344 259 2
344 265 3
344 273 3
344 276 2
344 288 3
344 291 2
344 293 2
344 294 3
344 300 3
344 302 3
344 318 2
344 322 3
344 325 2
344 333 3
344 358 3
344 363 2
344 366 2
344 369 2
344 375 2
344 385 2
344 391 2
344 392 2
344 403 3
344 405 3
344 415 2
344 423 3
344 431 3
344 455 2
344 470 3
344 496 2
344 518 2
344 520 3
344 541 2
344 546 3
344 549 2
344 561 2
344 569 2
344 571 2
344 572 2
344 576 2
344 578 2
344 582 2
344 616 2
344 636 3
344 642 3
344 657 2
344 669 2
344 673 2
344 684 2
344 685 2
344 708 2
344 712 2
344 727 2
344 732 2
344 739 2
344 743 2
344 746 3
344 748 3
344 780 2
344 785 2
344 802 2
344 809 2
344 831 2
344 842 2
344 879 2
344 932 2
344 944 2
344 951 2
344 959 2
344 977 2
345 1 4
345 7 4
345 12 3
345 15 3
345 17 3
345 22 3
345 24 3
345 25 4
345 28 4
345 31 3
345 50 3
345 55 3
345 56 4
345 68 3
345 70 4
345 73 3
345 76 3
345 77 3
345 79 4
345 82 4
345 85 3
345 87 4
345 91 3
345 96 4
345 97 4
345 99 4
345 100 4
345 117 3
345 118 3
345 125 3
345 127 4
345 132 4
345 137 3
345 144 4
345 151 4
345 156 3
345 157 3
345 158 3
345 159 3
345 163 3
345 164 3
345 168 4
345 172 3
345 173 3
345 174 3
345 176 3
345 177 4
345 181 3
345 182 3
345 183 4
345 187 3
345 188 3
345 192 3
345 195 4
345 200 3
345 203 3
345 204 4
345 208 4
345 215 3
345 222 3
345 226 3
345 227 4
345 233 3
345 235 3
345 239 3
345 240 3
345 245 3
345 246 3
345 252 3
345 257 3
345 258 3
345 268 3
345 271 3
345 273 3
345 276 3
345 280 3
345 286 3
345 288 3
345 290 3
345 293 3
345 294 3
345 298 3
345 300 3
345 317 3
345 318 4
345 323 3
345 324 3
345 328 3
345 333 3
345 356 3
345 369 3
345 371 3
345 385 4
345 386 3
345 392 3
345 403 3
345 404 4
345 405 4
345 410 3
345 416 3
345 423 4
345 432 4
345 435 4
345 460 3
345 462 4
345 465 3
345 468 3
345 470 3
345 472 3
345 475 3
345 501 4
345 508 3
345 544 3
345 550 3
345 568 4
345 588 4
345 595 3
345 597 3
345 609 3
345 655 4
345 660 3
345 685 3
345 686 3
345 689 3
345 692 3
345 699 3
345 721 3
345 735 3
345 742 3
345 756 3
345 763 3
345 806 3
345 819 3
345 820 3
345 827 3
345 829 3
345 831 3
345 841 3
345 871 3
345 879 3
345 928 3
345 930 3
345 943 3
345 959 3
345 977 3
345 982 3
346 1 5
346 7 5
346 15 5
346 25 5
346 100 5
346 107 5
346 111 5
346 118 5
346 121 5
346 126 5
346 147 5
346 225 5
346 240 5
346 276 5
346 288 5
346 294 5
346 323 5
346 368 5
346 370 5
346 409 5
346 411 5
346 412 5
346 472 5
346 473 5
346 476 5
346 546 5
346 628 5
346 742 5
346 819 5
346 831 5
346 834 5
346 924 5
346 926 5
346 928 5
346 974 5
346 975 5
346 988 5
347 9 5
347 10 5
347 118 5
347 121 4
347 125 5
347 126 5
347 237 5
347 325 5
347 370 5
347 412 5
347 455 5
347 458 5
347 471 5
347 475 5
347 596 5
347 744 5
347 847 5
348 1 5
348 23 4
348 89 4
348 98 5
348 132 4
348 133 4
348 136 4
348 168 5
348 172 4
348 176 4
348 183 4
348 193 4
348 195 4
348 204 5
348 210 4
348 214 4
348 228 4
348 265 4
348 271 3
348 324 3
348 340 3
348 435 4
348 479 4
348 480 4
348 483 4
348 489 4
348 530 3
348 589 3
348 604 3
348 616 3
348 654 4
348 657 4
349 288 3
349 289 3
349 292 3
349 300 3
349 301 2
349 310 2
349 312 2
349 313 3
349 326 2
349 327 3
349 332 2
349 341 2
349 343 2
349 359 2
349 538 2
349 748 3
349 750 2
349 754 2
349 873 2
349 879 2
349 880 2
349 882 2
349 888 2
349 984 2
349 989 2
349 990 2
350 4 5
350 7 5
350 12 5
350 17 5
350 39 5
350 55 5
350 56 5
350 79 5
350 86 5
350 89 5
350 92 5
350 96 5
350 98 5
350 129 5
350 144 5
350 156 5
350 173 5
350 182 5
350 194 5
350 195 5
350 216 5
350 228 5
350 234 5
350 302 5
350 385 5
350 568 5
350 657 5
350 692 5
351 245 3
351 260 3
351 271 2
351 272 3
351 300 3
351 315 3
351 326 3
351 327 3
351 328 3
351 332 4
351 333 3
351 343 3
351 905 3
352 7 3
352 9 4
352 14 3
352 19 3
352 20 3
352 25 3
352 32 3
352 42 3
352 47 3
352 50 3
352 52 3
352 57 3
352 58 3
352 59 3
352 60 3
352 61 3
352 66 3
352 70 3
352 79 3
352 81 3
352 83 3
352 86 3
352 87 3
352 88 3
352 93 3
352 100 3
352 109 3
352 116 3
352 124 3
352 131 3
352 133 3
352 134 3
352 135 3
352 136 3
352 137 3
352 143 3
352 149 3
352 151 3
352 152 3
352 153 3
352 154 3
352 155 3
352 162 3
352 166 3
352 168 3
352 169 3
352 171 3
352 173 3
352 174 3
352 175 3
352 180 3
352 186 3
352 189 3
352 190 3
352 191 3
352 193 3
352 197 3
352 199 3
352 202 3
352 208 3
352 209 3
352 211 3
352 213 3
352 216 3
352 238 3
352 242 3
352 246 3
352 248 3
352 251 3
352 255 3
352 257 3
352 258 3
352 268 3
352 269 3
352 270 3
352 272 3
352 275 3
352 276 3
352 281 3
352 286 5
352 287 3
352 297 3
352 303 3
352 305 3
352 306 3
352 308 3
352 311 3
352 313 3
352 318 3
352 344 3
352 381 3
352 382 3
352 387 3
352 414 3
352 421 3
352 423 3
352 428 3
352 429 3
352 435 3
352 462 3
352 463 3
352 464 3
352 473 3
352 478 3
352 479 3
352 480 3
352 483 3
352 485 3
352 487 3
352 489 3
352 494 3
352 496 3
352 497 3
352 498 3
352 507 3
352 508 3
352 509 3
352 511 3
352 513 3
352 515 3
352 516 3
352 518 3
352 520 3
352 529 3
352 531 3
352 533 3
352 558 3
352 582 3
352 584 3
352 603 2
352 604 3
352 605 3
352 606 3
352 607 3
352 629 3
352 631 3
352 638 3
352 650 3
352 651 3
352 652 3
352 657 3
352 659 3
352 660 3
352 661 3
352 692 3
352 694 3
352 699 3
352 702 3
352 705 3
352 707 3
352 709 3
352 716 3
352 732 3
352 733 3
352 735 3
352 736 3
352 737 3
352 740 3
352 753 3
352 792 3
352 811 3
352 847 3
352 855 3
352 863 3
352 865 3
352 882 3
352 889 3
352 900 3
352 904 3
352 929 3
352 953 3
352 956 3
352 958 3
352 962 3
353 242 5
353 264 5
353 288 5
353 300 5
353 328 5
353 329 5
353 360 5
353 681 5
353 882 5
354 272 5
354 292 5
354 313 5
354 316 5
354 326 5
354 328 5
354 333 5
354 689 5
354 748 5
355 1 4
355 7 4
355 10 4
355 24 4
355 105 4
355 117 4
355 118 4
355 123 4
355 125 4
355 126 4
355 147 4
355 150 4
355 151 4
355 220 4
355 222 4
355 245 4
355 258 4
355 270 4
355 273 4
355 274 4
355 275 4
355 280 4
355 284 4
355 291 4
355 322 4
355 326 4
355 334 4
355 405 4
355 407 4
355 411 4
355 455 4
355 456 4
355 471 4
355 472 4
355 473 4
355 476 4
355 546 4
355 595 4
355 687 4
355 713 4
355 742 4
355 744 4
355 760 4
355 819 4
355 820 4
355 831 4
355 833 4
355 866 4
355 932 4
355 977 4
355 984 4
356 8 4
356 65 4
356 127 4
356 132 4
356 174 4
356 179 4
356 213 4
356 268 4
356 318 4
356 324 4
356 357 4
356 511 4
356 582 4
356 584 4
356 638 5
356 639 4
356 643 5
356 855 4
356 896 4
357 7 4
357 117 4
357 118 5
357 181 5
357 250 5
357 268 4
357 270 4
357 298 5
357 313 5
357 323 5
357 405 5
357 472 5
357 748 5
357 751 5
357 831 5
358 1 5
358 10 5
358 13 5
358 14 5
358 25 5
358 28 5
358 45 5
358 50 5
358 64 5
358 79 5
358 100 5
358 116 5
358 124 5
358 127 5
358 134 5
358 157 5
358 165 5
358 166 5
358 170 5
358 174 5
358 181 5
358 187 5
358 191 5
358 194 5
358 195 5
358 197 5
358 205 5
358 207 5
358 210 5
358 222 5
358 237 5
358 238 5
358 242 5
358 251 5
358 269 5
358 271 5
358 275 5
358 283 5
358 284 5
358 286 5
358 297 5
358 302 5
358 304 5
358 306 5
358 308 5
358 309 5
358 321 5
358 326 5
358 328 5
358 357 5
358 423 5
358 479 5
358 483 5
358 496 5
358 511 5
358 521 5
358 523 5
358 531 5
358 582 5
358 588 5
358 654 5
358 661 5
358 735 5
358 744 5
358 748 5
358 845 5
358 933 5
358 936 5
358 963 5
359 12 5
359 14 5
359 23 5
359 26 5
359 49 5
359 53 5
359 55 5
359 56 5
359 59 5
359 60 5
359 66 5
359 70 5
359 79 5
359 83 5
359 88 5
359 90 5
359 97 5
359 98 5
359 100 5
359 111 5
359 129 5
359 148 5
359 150 5
359 156 5
359 165 5
359 166 5
359 168 5
359 170 5
359 173 5
359 176 5
359 178 5
359 183 5
359 185 5
359 186 5
359 190 5
359 197 5
359 203 5
359 204 5
359 207 5
359 212 5
359 213 5
359 218 5
359 222 5
359 228 5
359 234 5
359 237 5
359 238 5
359 258 5
359 269 5
359 273 5
359 274 5
359 276 5
359 286 5
359 333 5
359 340 5
359 387 5
359 421 5
359 430 5
359 435 5
359 451 5
359 466 5
359 475 5
359 498 5
359 502 5
359 504 5
359 514 5
359 517 5
359 524 5
359 525 5
359 531 5
359 639 5
359 652 5
359 654 5
359 655 5
359 657 5
359 659 5
359 673 5
359 684 5
359 694 5
359 707 5
359 709 5
359 727 5
359 737 5
359 739 5
359 742 5
359 762 5
359 770 5
359 794 5
359 934 5
359 949 5
360 245 3
360 268 3
360 302 4
360 312 3
360 313 3
360 323 3
360 333 4
360 336 3
360 689 3
361 1 2
361 2 1
361 4 1
361 5 1
361 7 2
361 9 2
361 11 1
361 22 2
361 29 1
361 32 1
361 37 1
361 38 1
361 44 1
361 47 1
361 50 3
361 54 1
361 55 1
361 56 2
361 58 1
361 62 1
361 65 1
361 66 1
361 67 1
361 68 1
361 69 2
361 70 2
361 71 1
361 72 1
361 73 1
361 79 2
361 81 1
361 82 1
361 87 1
361 88 1
361 89 2
361 90 1
361 91 1
361 93 1
361 95 1
361 96 2
361 97 2
361 98 2
361 101 1
361 102 1
361 114 1
361 117 2
361 120 1
361 121 2
361 128 1
361 134 2
361 137 1
361 143 1
361 144 2
361 145 1
361 151 2
361 152 1
361 154 1
361 155 1
361 156 1
361 159 1
361 161 1
361 164 1
361 169 1
361 172 4
361 173 2
361 174 2
361 179 1
361 182 1
361 183 2
361 184 1
361 185 1
361 186 2
361 187 1
361 188 1
361 189 1
361 193 1
361 195 3
361 196 1
361 200 1
361 201 1
361 204 2
361 206 1
361 208 2
361 210 2
361 212 1
361 215 2
361 216 2
361 218 1
361 222 2
361 226 1
361 227 2
361 228 2
361 229 1
361 231 1
361 234 2
361 235 1
361 237 2
361 248 1
361 250 1
361 258 2
361 265 2
361 270 1
361 271 1
361 282 1
361 283 1
361 284 1
361 288 1
361 290 1
361 293 1
361 307 1
361 315 1
361 316 1
361 317 1
361 322 1
361 325 1
361 328 1
361 336 1
361 346 1
361 347 1
361 350 1
361 351 1
361 366 1
361 370 1
361 380 1
361 387 1
361 391 1
361 393 1
361 402 1
361 403 2
361 405 2
361 408 2
361 417 1
361 423 2
361 426 1
361 428 1
361 431 1
361 433 2
361 435 2
361 443 1
361 444 1
361 448 1
361 449 1
361 451 1
361 461 1
361 469 1
361 472 1
361 473 1
361 474 2
361 505 1
361 506 1
361 511 2
361 518 1
361 523 2
361 531 1
361 546 2
361 550 1
361 552 1
361 554 1
361 555 1
361 557 1
361 559 1
361 561 1
361 566 1
361 568 2
361 569 1
361 571 1
361 572 1
361 575 1
361 578 1
361 588 1
361 590 1
361 597 1
361 603 2
361 616 1
361 625 1
361 631 1
361 640 1
361 650 1
361 651 1
361 653 1
361 657 1
361 658 1
361 660 1
361 665 1
361 673 1
361 675 1
361 678 1
361 679 1
361 682 1
361 685 1
361 691 1
361 698 1
361 699 1
361 707 1
361 709 1
361 710 1
361 719 1
361 735 1
361 741 1
361 742 1
361 746 1
361 747 1
361 752 1
361 760 1
361 761 1
361 767 1
361 774 1
361 778 1
361 792 1
361 802 1
361 805 1
361 809 1
361 816 1
361 825 1
361 831 1
361 849 1
361 854 1
361 859 1
361 895 1
361 906 1
361 919 1
361 933 1
361 940 1
361 946 1
361 959 1
361 979 1
362 289 3
362 302 3
362 321 3
362 875 3
362 948 3
362 988 3
363 1 2
363 7 2
363 15 2
363 25 3
363 100 3
363 109 2
363 124 2
363 125 2
363 137 3
363 150 2
363 222 2
363 235 2
363 258 2
363 268 2
363 271 2
363 272 2
363 275 2
363 276 2
363 277 2
363 287 2
363 288 2
363 289 2
363 294 2
363 301 2
363 309 2
363 315 2
363 316 2
363 321 2
363 340 2
363 352 2
363 473 2
363 591 2
363 742 2
363 762 2
363 813 2
363 894 2
363 895 2
363 908 2
364 53 5
364 56 5
364 98 5
364 184 5
364 200 5
364 201 5
364 217 5
364 219 5
364 234 5
364 443 5
364 445 5
364 559 5
364 573 5
364 671 5
364 672 5
364 853 5
364 860 5
365 7 5
365 17 5
365 50 5
365 53 5
365 98 5
365 100 5
365 145 5
365 164 5
365 176 5
365 183 5
365 184 5
365 200 5
365 201 5
365 218 5
365 234 5
365 250 5
365 258 5
365 288 5
365 302 5
365 324 5
365 326 5
365 333 5
365 334 5
365 379 5
365 406 5
365 413 5
365 436 5
365 443 5
365 448 5
365 452 5
365 551 5
365 563 5
365 564 5
365 665 5
365 670 5
365 672 5
365 760 5
365 769 5
365 774 5
365 800 5
365 919 5
366 11 5
366 17 5
366 56 5
366 89 5
366 96 5
366 98 5
366 100 5
366 127 5
366 183 5
366 184 5
366 201 5
366 217 5
366 218 5
366 219 5
366 234 5
366 292 5
366 313 5
366 320 5
366 379 5
366 396 5
366 567 5
366 672 5
366 774 5
366 777 5
367 50 2
367 114 2
367 168 2
367 172 2
367 181 2
367 271 2
367 316 2
367 358 2
367 751 2
367 988 2
368 12 3
368 22 3
368 31 2
368 50 3
368 52 2
368 64 3
368 98 3
368 100 3
368 107 2
368 114 2
368 116 2
368 135 4
368 136 2
368 153 3
368 172 3
368 174 3
368 175 3
368 176 3
368 181 3
368 193 3
368 195 3
368 199 3
368 209 3
368 210 3
368 238 3
368 257 2
368 265 3
368 269 2
368 285 2
368 322 1
368 423 3
368 425 2
368 433 3
368 435 3
368 443 2
368 480 3
368 484 3
368 493 2
368 494 2
368 497 2
368 514 3
368 525 2
368 603 3
368 604 2
368 607 2
368 608 2
368 613 2
368 631 2
368 657 2
368 659 2
368 661 2
368 678 2
368 705 2
368 923 2
369 1 5
369 22 4
369 55 4
369 64 5
369 69 4
369 77 5
369 79 4
369 97 5
369 98 4
369 174 4
369 177 5
369 179 5
369 180 5
369 181 4
369 185 5
369 186 5
369 194 5
369 197 5
369 210 4
369 234 4
369 265 4
369 357 5
369 393 5
369 423 5
369 435 5
369 443 5
369 449 5
369 452 5
369 504 5
369 527 5
369 655 5
369 663 5
369 746 5
370 5 5
370 23 5
370 44 5
370 56 5
370 79 5
370 129 5
370 159 5
370 164 5
370 176 5
370 183 5
370 185 5
370 200 5
370 201 5
370 218 5
370 262 5
370 286 5
370 288 5
370 299 5
370 325 5
370 327 5
370 333 5
370 436 5
370 441 5
370 443 5
370 447 5
370 448 5
370 452 5
370 547 5
370 559 5
370 561 5
370 574 5
370 581 5
370 595 5
370 628 5
370 635 5
370 637 5
370 672 5
370 674 5
370 678 5
370 696 5
370 874 5
370 875 5
371 2 2
371 4 3
371 12 3
371 15 2
371 20 3
371 22 3
371 24 3
371 25 3
371 31 2
371 48 3
371 50 4
371 58 2
371 64 3
371 66 2
371 68 3
371 70 3
371 80 3
371 81 3
371 82 3
371 83 3
371 89 4
371 90 2
371 94 2
371 95 2
371 96 3
371 97 3
371 99 3
371 100 4
371 102 2
371 105 2
371 110 2
371 114 2
371 117 3
371 127 4
371 132 3
371 136 3
371 139 2
371 142 2
371 143 3
371 144 3
371 150 3
371 151 3
371 154 3
371 155 2
371 156 3
371 161 3
371 162 3
371 163 3
371 165 2
371 166 2
371 169 2
371 172 3
371 173 4
371 175 4
371 177 3
371 179 3
371 180 3
371 181 4
371 184 3
371 189 2
371 194 4
371 195 4
371 196 3
371 197 3
371 202 3
371 204 3
371 206 2
371 208 3
371 209 3
371 210 3
371 211 3
371 213 3
371 214 3
371 215 3
371 217 3
371 225 2
371 226 3
371 228 3
371 230 3
371 232 3
371 239 3
371 241 3
371 259 3
371 269 3
371 275 2
371 278 2
371 281 2
371 286 3
371 290 2
371 318 3
371 357 3
371 366 2
371 378 2
371 380 3
371 382 3
371 385 3
371 386 2
371 389 2
371 390 2
371 392 2
371 393 3
371 399 3
371 401 3
371 402 2
371 403 3
371 404 2
371 409 2
371 414 2
371 417 2
371 418 3
371 420 3
371 421 3
371 423 3
371 427 3
371 431 3
371 433 4
371 435 3
371 451 3
371 472 2
371 474 3
371 480 3
371 485 3
371 487 2
371 488 3
371 494 2
371 496 3
371 497 2
371 499 2
371 506 3
371 510 3
371 520 3
371 527 3
371 550 3
371 553 2
371 559 3
371 566 3
371 568 3
371 571 2
371 577 2
371 588 3
371 596 2
371 598 2
371 603 3
371 627 2
371 633 2
371 645 2
371 648 2
371 649 2
371 651 3
371 655 3
371 658 2
371 660 3
371 679 2
371 694 3
371 699 2
371 704 2
371 705 3
371 709 2
371 715 2
371 724 2
371 727 2
371 729 2
371 732 3
371 746 2
371 747 2
371 748 2
371 756 2
371 778 2
371 828 2
371 842 2
371 843 2
371 849 2
371 941 2
371 946 2
371 949 2
372 1 5
372 2 5
372 5 5
372 7 5
372 9 5
372 11 5
372 15 5
372 17 5
372 23 5
372 24 5
372 28 5
372 29 5
372 39 5
372 48 5
372 50 5
372 56 5
372 64 5
372 66 5
372 68 5
372 69 5
372 70 5
372 71 5
372 77 5
372 89 5
372 95 5
372 97 5
372 98 5
372 100 5
372 106 5
372 111 5
372 116 5
372 118 5
372 120 5
372 121 5
372 122 5
372 123 5
372 124 5
372 125 5
372 126 5
372 127 5
372 129 5
372 135 5
372 143 5
372 144 5
372 147 5
372 148 5
372 150 5
372 151 5
372 156 5
372 159 5
372 161 5
372 162 5
372 168 5
372 172 5
372 173 5
372 174 5
372 176 5
372 185 5
372 186 5
372 192 5
372 195 5
372 197 5
372 200 5
372 202 5
372 204 5
372 210 5
372 216 5
372 218 5
372 222 5
372 223 5
372 225 5
372 226 5
372 228 5
372 229 5
372 230 5
372 231 5
372 233 5
372 234 5
372 235 5
372 237 5
372 240 5
372 247 5
372 248 5
372 252 5
372 254 5
372 257 5
372 265 5
372 279 5
372 280 5
372 282 5
372 284 5
372 289 5
372 291 5
372 310 5
372 322 5
372 323 5
372 356 5
372 363 5
372 369 5
372 385 5
372 393 5
372 403 5
372 405 5
372 412 5
372 423 5
372 424 5
372 427 5
372 449 5
372 450 5
372 454 5
372 458 5
372 463 5
372 465 5
372 466 5
372 467 5
372 468 5
372 475 5
372 476 5
372 483 5
372 521 5
372 527 5
372 540 5
372 544 5
372 550 5
372 552 5
372 554 5
372 558 5
372 566 5
372 568 5
372 572 5
372 576 5
372 581 5
372 591 5
372 619 5
372 620 5
372 628 5
372 637 5
372 642 5
372 651 5
372 665 5
372 685 5
372 692 5
372 696 5
372 717 5
372 741 5
372 742 5
372 743 5
372 756 5
372 758 5
372 761 5
372 762 5
372 763 5
372 770 5
372 789 5
372 815 5
372 819 5
372 820 5
372 824 5
372 832 5
372 844 5
372 845 5
372 846 5
372 872 5
372 880 5
372 924 5
372 928 5
372 930 5
372 931 5
372 932 5
372 934 5
372 948 5
372 952 5
372 974 5
372 975 5
372 977 5
372 978 5
372 979 5
372 986 5
373 5 1
373 39 1
373 77 1
373 176 1
373 183 2
373 185 2
373 218 1
373 233 1
373 288 2
373 300 2
373 443 2
373 583 1
373 684 2
373 761 1
374 11 4
374 14 4
374 98 4
374 154 4
374 181 4
374 197 4
374 198 4
374 223 4
374 237 4
374 246 4
374 268 4
374 274 4
374 275 4
374 289 3
374 301 3
374 603 4
374 762 4
375 56 4
375 98 3
375 100 4
375 164 2
375 168 3
375 173 3
375 194 3
375 219 2
375 234 3
375 258 3
375 268 2
375 288 2
375 313 3
375 316 2
375 323 2
375 354 2
375 443 2
375 508 3
375 895 2
376 1 4
376 2 4
376 4 4
376 5 5
376 7 4
376 8 4
376 9 4
376 10 5
376 11 4
376 12 4
376 13 4
376 14 4
376 15 4
376 21 5
376 22 4
376 28 5
376 29 4
376 31 5
376 40 4
376 42 5
376 43 5
376 48 4
376 49 4
376 50 3
376 52 5
376 53 4
376 54 4
376 58 4
376 59 5
376 62 4
376 63 5
376 65 4
376 66 4
376 68 4
376 70 4
376 73 4
376 77 4
376 79 4
376 86 5
376 87 4
376 88 4
376 89 4
376 91 4
376 94 4
376 95 4
376 99 5
376 100 4
376 106 4
376 110 5
376 111 4
376 117 3
376 121 3
376 123 4
376 125 4
376 126 4
376 132 4
376 133 5
376 135 5
376 141 5
376 143 5
376 144 4
376 148 5
376 151 4
376 153 4
376 155 4
376 157 4
376 159 5
376 161 4
376 162 5
376 167 4
376 172 4
376 173 4
376 174 4
376 175 5
376 176 4
376 179 5
376 180 5
376 181 4
376 182 4
376 186 5
376 191 5
376 194 5
376 195 4
376 196 4
376 197 5
376 200 5
376 202 4
376 203 5
376 207 5
376 210 4
376 213 5
376 215 4
376 217 5
376 218 5
376 220 4
376 222 4
376 223 5
376 226 4
376 227 4
376 230 4
376 233 4
376 234 5
376 235 4
376 237 4
376 239 4
376 241 4
376 245 4
376 248 5
376 252 4
376 254 5
376 255 4
376 257 4
376 258 4
376 269 5
376 272 4
376 273 4
376 274 4
376 275 4
376 276 4
376 277 4
376 280 4
376 281 4
376 282 4
376 283 4
376 284 4
376 285 5
376 286 4
376 288 4
376 289 5
376 294 4
376 295 5
376 298 4
376 300 4
376 301 4
376 302 4
376 304 5
376 317 5
376 318 5
376 319 4
376 321 5
376 326 5
376 328 4
376 356 5
376 365 5
376 367 5
376 380 5
376 381 4
376 382 4
376 385 4
376 386 5
376 387 5
376 392 5
376 393 4
376 396 4
376 401 4
376 403 4
376 404 4
376 405 4
376 409 4
376 410 4
376 411 4
376 417 4
376 418 5
376 419 5
376 420 4
376 423 4
376 432 4
376 435 4
376 447 4
376 449 4
376 450 4
376 451 4
376 458 4
376 465 5
376 469 5
376 471 4
376 476 4
376 479 5
376 482 5
376 485 5
376 496 5
376 500 5
376 501 5
376 508 4
376 509 5
376 517 5
376 527 4
376 528 5
376 542 5
376 546 4
376 549 5
376 554 4
376 559 4
376 566 4
376 568 4
376 572 5
376 575 5
376 576 4
376 582 5
376 591 4
376 596 4
376 597 4
376 619 5
376 620 5
376 623 5
376 629 5
376 631 5
376 632 5
376 635 5
376 636 5
376 651 4
376 655 4
376 663 4
376 665 4
376 674 4
376 686 4
376 692 4
376 693 5
376 694 5
376 702 4
376 703 5
376 707 5
376 708 4
376 709 4
376 715 4
376 716 4
376 720 4
376 722 5
376 724 4
376 727 5
376 729 5
376 731 5
376 732 4
376 734 5
376 736 4
376 742 4
376 744 4
376 747 4
376 755 4
376 756 5
376 762 4
376 768 4
376 778 5
376 780 4
376 787 5
376 792 4
376 793 5
376 796 5
376 806 5
376 807 5
376 845 4
376 866 4
376 875 5
376 896 5
376 918 5
376 921 5
376 924 5
376 926 5
376 928 5
376 930 4
376 939 5
376 942 5
376 951 5
376 959 5
376 961 5
376 969 5
376 972 5
376 977 5
376 979 5
377 1 4
377 2 3
377 4 4
377 8 4
377 9 4
377 12 4
377 23 4
377 50 4
377 52 4
377 54 4
377 56 4
377 62 3
377 63 3
377 64 4
377 69 4
377 79 3
377 82 4
377 83 4
377 88 3
377 89 4
377 90 3
377 93 3
377 96 4
377 98 4
377 100 4
377 116 3
377 124 4
377 131 4
377 133 4
377 135 4
377 141 3
377 144 3
377 152 3
377 153 4
377 157 4
377 158 3
377 161 3
377 163 3
377 164 3
377 168 4
377 172 3
377 173 4
377 176 3
377 177 4
377 178 4
377 179 4
377 183 3
377 186 3
377 188 4
377 191 4
377 192 3
377 193 4
377 194 3
377 195 4
377 196 4
377 200 3
377 202 3
377 203 4
377 204 3
377 205 4
377 208 3
377 210 4
377 211 4
377 216 4
377 219 3
377 227 3
377 230 3
377 233 3
377 238 4
377 239 3
377 257 4
377 270 3
377 271 3
377 284 4
377 285 3
377 294 3
377 300 3
377 306 3
377 310 4
377 331 3
377 339 3
377 357 5
377 372 3
377 381 4
377 383 3
377 385 3
377 391 3
377 393 3
377 395 3
377 401 3
377 402 3
377 405 4
377 414 4
377 417 3
377 419 4
377 427 4
377 428 3
377 434 3
377 436 3
377 443 3
377 447 3
377 448 3
377 451 3
377 452 3
377 461 3
377 480 4
377 496 4
377 504 4
377 511 3
377 514 4
377 516 4
377 517 4
377 520 4
377 522 3
377 523 4
377 527 4
377 528 3
377 529 4
377 530 3
377 554 3
377 559 3
377 563 3
377 566 3
377 568 3
377 575 3
377 576 3
377 603 4
377 616 3
377 622 3
377 636 3
377 637 3
377 644 3
377 649 3
377 651 4
377 655 4
377 659 4
377 674 3
377 684 3
377 686 3
377 701 3
377 704 3
377 705 4
377 710 3
377 712 3
377 729 4
377 732 3
377 735 4
377 736 4
377 746 3
377 842 3
377 855 4
378 1 4
378 7 3
378 12 4
378 22 3
378 28 3
378 31 3
378 38 3
378 58 4
378 59 4
378 60 4
378 61 4
378 62 3
378 64 3
378 69 3
378 71 3
378 81 4
378 95 3
378 98 3
378 100 4
378 109 4
378 114 4
378 118 3
378 121 3
378 132 4
378 134 4
378 139 3
378 152 4
378 154 3
378 161 3
378 163 3
378 168 3
378 170 4
378 172 3
378 176 3
378 177 3
378 180 3
378 181 3
378 183 3
378 185 4
378 186 3
378 190 3
378 194 3
378 197 4
378 208 3
378 213 4
378 215 3
378 217 4
378 222 3
378 228 3
378 229 3
378 238 4
378 241 4
378 258 3
378 265 3
378 270 4
378 306 4
378 313 4
378 315 4
378 340 4
378 356 3
378 357 3
378 382 4
378 414 4
378 416 3
378 419 4
378 423 3
378 425 4
378 427 4
378 428 4
378 435 3
378 443 3
378 449 3
378 462 4
378 463 4
378 465 3
378 474 4
378 479 3
378 483 4
378 502 3
378 506 4
378 512 4
378 515 3
378 518 4
378 521 4
378 527 4
378 529 4
378 530 3
378 549 4
378 561 4
378 566 3
378 570 4
378 573 3
378 582 4
378 587 3
378 614 4
378 629 4
378 630 3
378 631 4
378 651 3
378 652 4
378 654 4
378 663 4
378 664 4
378 665 3
378 670 3
378 684 4
378 699 4
378 708 4
378 712 4
378 729 4
378 732 4
378 736 4
378 744 4
378 750 4
378 751 3
378 753 4
378 770 4
378 856 4
378 923 4
378 956 4
378 959 4
379 1 4
379 13 5
379 14 5
379 15 5
379 16 5
379 20 5
379 30 5
379 50 2
379 59 5
379 77 5
379 79 5
379 83 5
379 89 5
379 94 5
379 95 5
379 97 5
379 99 5
379 100 5
379 102 5
379 121 5
379 129 5
379 132 5
379 133 5
379 134 5
379 135 5
379 139 5
379 150 5
379 151 5
379 175 5
379 178 5
379 191 5
379 212 5
379 214 5
379 216 5
379 217 5
379 228 5
379 259 5
379 276 5
379 281 5
379 294 5
379 303 5
379 304 5
379 318 5
379 344 5
379 378 5
379 418 5
379 443 5
379 459 5
379 462 5
379 473 5
379 479 5
379 485 5
379 487 5
379 493 5
379 495 5
379 498 5
379 501 5
379 509 5
379 517 5
379 525 5
379 526 5
379 529 5
379 582 5
379 607 5
379 631 5
379 634 5
379 640 5
379 647 5
379 652 5
379 656 5
379 657 5
379 660 5
379 673 5
379 682 5
379 693 5
379 705 5
379 724 5
379 742 5
379 771 5
379 778 5
379 855 5
379 887 5
379 898 5
379 914 5
379 931 5
379 934 5
379 961 5
379 995 5
380 7 3
380 9 3
380 23 3
380 50 4
380 56 3
380 98 3
380 100 4
380 122 3
380 127 3
380 134 3
380 135 3
380 137 3
380 150 3
380 171 3
380 177 3
380 180 3
380 183 3
380 258 3
380 276 3
380 290 3
380 332 3
380 475 5
380 481 3
380 482 2
380 507 3
380 508 4
380 531 3
380 717 3
381 14 3
381 19 1
381 58 2
381 81 2
381 86 2
381 89 4
381 100 4
381 134 3
381 135 3
381 137 2
381 180 3
381 193 3
381 197 3
381 203 3
381 205 2
381 223 2
381 237 3
381 238 3
381 268 2
381 272 2
381 285 2
381 302 2
381 315 1
381 319 2
381 321 2
381 345 1
381 357 3
381 425 2
381 427 2
381 435 3
381 464 2
381 474 3
381 475 2
381 478 2
381 479 2
381 480 3
381 483 3
381 484 2
381 496 3
381 505 2
381 514 3
381 531 2
381 603 2
381 639 1
381 641 1
381 657 3
382 272 5
382 289 5
382 302 5
382 316 5
382 327 5
382 343 5
382 355 5
382 751 5
382 989 5
383 4 2
383 8 2
383 12 2
383 18 1
383 24 1
383 29 1
383 32 2
383 37 1
383 42 1
383 47 3
383 48 2
383 50 3
383 53 2
383 56 2
383 58 2
383 59 2
383 61 2
383 79 2
383 81 2
383 82 2
383 87 2
383 89 3
383 93 2
383 98 3
383 99 2
383 111 2
383 114 2
383 122 1
383 127 3
383 128 1
383 129 2
383 131 2
383 133 2
383 134 2
383 135 2
383 136 2
383 143 2
383 144 2
383 145 1
383 151 2
383 152 1
383 153 2
383 168 3
383 169 2
383 171 2
383 172 2
383 173 3
383 174 2
383 175 3
383 177 2
383 180 2
383 181 3
383 183 2
383 186 3
383 187 2
383 189 2
383 191 3
383 192 2
383 194 2
383 195 3
383 199 2
383 200 2
383 207 1
383 208 2
383 209 2
383 211 2
383 216 2
383 217 1
383 218 2
383 219 1
383 221 2
383 224 1
383 235 1
383 236 1
383 238 3
383 249 1
383 250 1
383 253 1
383 254 1
383 256 1
383 257 1
383 262 1
383 273 2
383 276 2
383 283 2
383 285 2
383 286 2
383 290 1
383 293 1
383 304 1
383 305 1
383 318 2
383 320 1
383 325 1
383 337 1
383 340 1
383 346 1
383 347 1
383 367 2
383 383 1
383 385 1
383 403 2
383 405 2
383 408 2
383 417 1
383 419 2
383 423 2
383 425 2
383 427 2
383 428 2
383 429 2
383 430 2
383 433 2
383 435 2
383 443 2
383 447 1
383 451 2
383 455 1
383 458 1
383 461 2
383 462 2
383 473 1
383 474 2
383 479 2
383 480 2
383 482 2
383 483 2
383 485 2
383 486 1
383 487 2
383 489 2
383 492 2
383 496 2
383 498 2
383 500 1
383 502 2
383 503 1
383 506 2
383 507 2
383 508 2
383 511 2
383 512 1
383 520 2
383 521 2
383 523 2
383 524 1
383 525 1
383 526 1
383 529 2
383 557 1
383 603 2
383 604 1
383 606 1
383 616 1
383 631 2
383 650 1
383 652 1
383 653 1
383 654 2
383 657 2
383 658 1
383 659 2
383 661 1
383 663 2
383 664 1
383 673 1
383 674 1
383 675 1
383 705 1
383 719 1
383 727 1
383 732 2
383 739 2
383 745 1
383 794 1
383 851 1
383 855 1
383 865 1
383 871 1
383 896 1
383 900 1
383 919 2
383 922 1
383 940 1
383 942 1
383 945 1
383 959 1
383 961 1
383 965 1
384 24 3
384 50 4
384 121 4
384 222 4
384 273 3
384 455 3
384 685 3
384 825 3
384 833 3
384 840 3
385 2 2
385 4 2
385 7 2
385 8 2
385 10 2
385 11 2
385 13 2
385 20 2
385 22 3
385 23 3
385 24 2
385 27 2
385 31 2
385 32 2
385 33 2
385 39 2
385 47 2
385 48 2
385 50 3
385 52 2
385 55 2
385 56 3
385 58 2
385 61 2
385 62 2
385 64 3
385 68 2
385 71 2
385 76 2
385 79 3
385 81 2
385 82 3
385 83 2
385 89 3
385 91 1
385 92 2
385 93 2
385 96 3
385 97 3
385 98 3
385 99 2
385 101 2
385 102 2
385 113 2
385 114 2
385 116 2
385 117 2
385 121 2
385 123 2
385 127 3
385 129 2
385 133 2
385 135 3
385 136 2
385 144 2
385 147 2
385 151 2
385 152 2
385 156 2
385 161 3
385 168 3
385 169 2
385 176 3
385 180 2
385 181 3
385 182 2
385 183 3
385 184 2
385 186 3
385 187 3
385 189 2
385 190 2
385 192 2
385 193 2
385 194 3
385 195 3
385 196 2
385 197 2
385 198 2
385 200 3
385 201 2
385 202 3
385 203 2
385 205 2
385 206 2
385 208 3
385 209 3
385 210 3
385 211 3
385 215 2
385 217 2
385 218 2
385 219 2
385 222 2
385 223 2
385 224 2
385 226 2
385 228 3
385 229 3
385 230 3
385 231 2
385 233 2
385 238 2
385 241 3
385 246 2
385 248 1
385 250 2
385 258 3
385 265 2
385 268 2
385 273 2
385 277 2
385 288 2
385 289 2
385 293 2
385 294 2
385 295 2
385 298 2
385 317 2
385 318 3
385 319 2
385 320 2
385 321 2
385 325 2
385 333 2
385 357 3
385 380 2
385 381 1
385 385 3
385 393 2
385 403 2
385 410 2
385 414 2
385 418 2
385 423 2
385 428 2
385 429 2
385 430 3
385 431 2
385 432 2
385 435 4
385 436 2
385 441 2
385 444 2
385 446 2
385 447 2
385 448 2
385 455 2
385 458 2
385 461 2
385 463 2
385 473 2
385 474 2
385 475 2
385 477 2
385 488 2
385 496 2
385 508 2
385 511 3
385 514 2
385 515 2
385 520 2
385 526 2
385 528 2
385 547 2
385 549 2
385 558 2
385 559 2
385 561 2
385 564 2
385 566 2
385 569 2
385 578 2
385 580 2
385 582 2
385 583 2
385 593 2
385 603 3
385 619 2
385 625 2
385 642 2
385 650 2
385 651 2
385 659 2
385 663 2
385 672 2
385 674 2
385 678 2
385 679 2
385 684 2
385 692 2
385 693 2
385 697 2
385 715 1
385 732 2
385 735 2
385 737 1
385 742 1
385 744 2
385 768 2
385 769 2
385 772 2
385 773 2
385 774 2
385 789 2
385 790 2
385 806 2
385 844 2
385 845 2
385 854 2
385 856 2
385 919 2
385 942 1
385 943 2
385 952 2
385 969 2
385 972 2
385 984 2
386 5 5
386 56 5
386 100 5
386 111 5
386 117 5
386 147 5
386 184 5
386 237 5
386 259 5
386 288 5
386 298 5
386 307 5
386 310 5
386 315 5
386 323 5
386 326 5
386 333 5
386 508 5
386 569 5
386 591 5
386 628 5
386 678 5
386 680 5
386 682 5
386 690 5
386 742 5
386 769 5
386 773 5
386 816 5
386 845 5
386 871 5
386 895 5
387 4 5
387 8 5
387 23 5
387 25 5
387 28 5
387 29 5
387 38 5
387 40 5
387 42 5
387 47 5
387 50 4
387 53 5
387 56 4
387 58 5
387 59 5
387 64 4
387 65 5
387 66 5
387 69 4
387 72 5
387 77 5
387 79 4
387 80 5
387 82 4
387 88 5
387 90 5
387 94 5
387 95 5
387 98 4
387 99 5
387 100 5
387 105 5
387 109 5
387 111 5
387 118 5
387 127 4
387 131 5
387 132 5
387 136 5
387 142 5
387 151 5
387 152 5
387 153 5
387 154 5
387 159 5
387 160 5
387 167 5
387 168 5
387 172 4
387 173 5
387 174 4
387 176 4
387 178 5
387 179 5
387 181 4
387 185 5
387 186 5
387 191 5
387 194 5
387 197 5
387 202 5
387 204 5
387 205 5
387 208 5
387 210 4
387 211 5
387 216 4
387 217 5
387 234 5
387 238 5
387 249 5
387 275 5
387 283 5
387 285 5
387 300 5
387 301 5
387 346 5
387 378 5
387 383 5
387 384 5
387 393 5
387 395 5
387 396 5
387 401 5
387 404 5
387 407 5
387 410 5
387 411 5
387 414 5
387 416 5
387 420 5
387 423 5
387 428 5
387 429 5
387 435 5
387 451 5
387 454 5
387 467 5
387 471 5
387 474 5
387 475 5
387 477 5
387 478 5
387 479 5
387 480 5
387 481 5
387 483 5
387 484 5
387 490 5
387 491 5
387 492 5
387 493 5
387 497 5
387 498 5
387 499 5
387 501 5
387 502 5
387 503 5
387 504 5
387 506 5
387 507 5
387 509 5
387 510 5
387 514 5
387 517 5
387 518 5
387 519 5
387 520 5
387 525 5
387 526 5
387 550 5
387 558 5
387 568 4
387 583 5
387 584 5
387 588 5
387 591 5
387 602 5
387 604 5
387 605 5
387 607 5
387 610 5
387 612 5
387 613 5
387 615 5
387 616 5
387 630 5
387 631 5
387 642 5
387 649 5
387 656 5
387 657 5
387 661 5
387 662 5
387 671 5
387 674 5
387 693 5
387 699 5
387 700 5
387 705 5
387 712 5
387 715 5
387 731 5
387 732 5
387 736 5
387 739 5
387 756 5
387 763 5
387 778 5
387 780 5
387 785 5
387 792 5
387 820 5
387 824 5
387 835 5
387 836 5
387 845 5
387 847 5
387 923 5
387 926 5
387 942 5
387 945 5
387 954 5
387 997 5
388 1 3
388 9 4
388 13 3
388 126 3
388 258 3
388 275 3
388 302 3
388 304 3
388 319 3
388 328 3
388 329 3
388 331 3
388 740 3
388 742 3
388 845 3
388 989 3
389 9 2
389 11 3
389 12 2
389 15 2
389 22 3
389 31 2
389 47 2
389 48 2
389 56 3
389 58 2
389 59 2
389 60 2
389 64 3
389 69 3
389 71 2
389 76 2
389 89 3
389 97 3
389 100 3
389 127 3
389 132 3
389 134 2
389 148 2
389 168 3
389 173 3
389 182 3
389 188 2
389 191 3
389 195 3
389 197 2
389 200 2
389 203 2
389 204 3
389 205 2
389 213 2
389 215 2
389 222 3
389 234 3
389 237 3
389 238 3
389 258 3
389 264 2
389 276 2
389 282 2
389 286 2
389 288 2
389 294 2
389 300 2
389 318 2
389 334 2
389 357 2
389 421 2
389 458 2
389 460 2
389 471 2
389 474 2
389 479 2
389 480 2
389 482 2
389 490 2
389 491 2
389 498 2
389 504 2
389 507 2
389 508 2
389 510 2
389 511 3
389 527 3
389 530 2
389 544 2
389 546 3
389 603 2
389 604 2
389 628 2
389 646 2
389 659 2
389 661 2
389 678 2
389 748 2
389 772 2
389 774 2
389 963 2
390 8 4
390 23 4
390 58 4
390 59 4
390 99 5
390 114 4
390 129 4
390 166 4
390 169 4
390 170 4
390 172 4
390 173 5
390 178 4
390 179 4
390 180 4
390 181 4
390 189 4
390 191 5
390 197 5
390 199 4
390 200 4
390 209 4
390 244 3
390 248 4
390 249 4
390 250 3
390 255 3
390 257 4
390 260 3
390 268 3
390 270 3
390 271 3
390 272 3
390 276 4
390 285 3
390 288 3
390 289 3
390 293 3
390 294 3
390 297 3
390 300 3
390 302 3
390 303 3
390 304 3
390 310 3
390 312 3
390 313 3
390 319 3
390 321 3
390 323 3
390 324 3
390 325 3
390 328 3
390 333 3
390 340 3
390 344 3
390 345 3
390 346 3
390 347 3
390 463 4
390 482 4
390 491 4
390 492 4
390 493 4
390 511 4
390 515 4
390 534 3
390 538 3
390 615 4
390 632 3
390 650 4
390 663 4
390 705 4
390 813 3
390 847 3
390 872 3
390 873 3
390 880 3
391 2 5
391 3 5
391 4 5
391 5 5
391 7 5
391 11 4
391 12 4
391 15 5
391 17 5
391 21 5
391 22 4
391 24 5
391 25 5
391 26 5
391 27 5
391 28 5
391 29 5
391 31 5
391 36 5
391 38 5
391 40 5
391 41 5
391 42 5
391 48 5
391 49 5
391 50 4
391 51 5
391 54 5
391 55 4
391 56 4
391 58 5
391 62 4
391 64 4
391 65 5
391 67 5
391 68 5
391 69 4
391 70 4
391 71 5
391 73 5
391 78 5
391 79 4
391 81 5
391 83 5
391 84 5
391 85 5
391 86 5
391 87 5
391 88 5
391 90 5
391 94 4
391 95 4
391 99 5
391 100 4
391 105 5
391 108 5
391 109 5
391 110 5
391 111 5
391 117 5
391 118 4
391 122 5
391 123 5
391 126 5
391 128 5
391 132 5
391 135 5
391 136 5
391 138 5
391 139 5
391 142 5
391 144 4
391 147 5
391 148 5
391 153 4
391 154 5
391 161 4
391 168 4
391 169 5
391 172 4
391 173 4
391 181 4
391 184 5
391 186 4
391 189 5
391 191 4
391 194 4
391 196 4
391 202 4
391 203 5
391 204 4
391 206 5
391 215 4
391 222 4
391 223 5
391 227 4
391 228 4
391 233 5
391 237 4
391 239 5
391 240 5
391 241 5
391 243 5
391 245 5
391 252 5
391 255 5
391 257 5
391 258 4
391 265 5
391 270 5
391 271 5
391 273 5
391 274 5
391 275 5
391 278 5
391 280 5
391 281 5
391 283 5
391 290 5
391 291 5
391 294 5
391 298 5
391 303 5
391 313 5
391 316 5
391 317 5
391 318 5
391 321 5
391 323 5
391 328 5
391 333 5
391 338 5
391 342 5
391 344 5
391 347 5
391 354 5
391 355 5
391 356 5
391 357 5
391 362 5
391 363 5
391 364 5
391 365 5
391 366 5
391 369 5
391 373 5
391 374 5
391 376 5
391 377 5
391 378 5
391 380 5
391 385 4
391 386 5
391 391 5
391 393 4
391 394 5
391 396 5
391 403 3
391 404 5
391 405 4
391 409 5
391 410 5
391 412 5
391 415 5
391 417 5
391 418 5
391 419 5
391 420 5
391 421 5
391 423 4
391 431 5
391 443 5
391 456 5
391 465 5
391 470 5
391 471 5
391 472 5
391 473 5
391 476 5
391 477 5
391 479 5
391 480 5
391 496 5
391 497 5
391 500 5
391 501 5
391 527 4
391 538 5
391 539 5
391 540 5
391 544 5
391 546 5
391 550 4
391 552 5
391 553 5
391 554 5
391 559 5
391 561 5
391 566 5
391 568 4
391 569 5
391 571 5
391 576 5
391 578 5
391 588 4
391 591 5
391 596 5
391 597 5
391 622 5
391 623 5
391 628 5
391 630 5
391 633 5
391 636 5
391 644 5
391 651 5
391 655 5
391 659 5
391 672 5
391 681 5
391 683 5
391 685 5
391 686 5
391 687 5
391 690 5
391 692 5
391 696 5
391 705 5
391 710 5
391 715 5
391 717 5
391 721 5
391 722 5
391 725 5
391 727 5
391 728 5
391 731 5
391 737 5
391 739 5
391 742 5
391 747 5
391 751 5
391 755 5
391 756 5
391 761 5
391 763 5
391 771 5
391 775 5
391 778 5
391 779 5
391 780 5
391 781 5
391 783 5
391 789 5
391 792 5
391 794 5
391 797 5
391 802 5
391 805 5
391 808 5
391 810 5
391 812 5
391 815 5
391 821 5
391 824 5
391 825 5
391 826 5
391 831 5
391 836 5
391 840 5
391 841 5
391 842 5
391 843 5
391 845 5
391 870 5
391 871 5
391 876 5
391 879 5
391 890 5
391 905 5
391 922 5
391 929 5
391 930 5
391 932 5
391 939 5
391 940 5
391 944 5
391 949 5
391 951 5
391 953 5
391 964 5
391 977 5
391 996 5
391 997 5
391 999 5
391 1000 5
392 1 4
392 7 4
392 28 3
392 31 3
392 38 3
392 39 3
392 42 3
392 56 5
392 63 2
392 68 3
392 72 3
392 73 3
392 79 4
392 84 2
392 88 3
392 96 4
392 97 3
392 98 4
392 101 3
392 117 3
392 121 4
392 128 3
392 132 4
392 144 3
392 154 4
392 156 3
392 158 2
392 161 3
392 164 3
392 172 4
392 174 5
392 179 3
392 181 4
392 184 3
392 195 4
392 208 4
392 210 4
392 216 4
392 217 3
392 218 3
392 222 3
392 226 3
392 227 3
392 229 4
392 230 4
392 232 3
392 233 3
392 238 4
392 250 3
392 257 3
392 265 4
392 282 3
392 288 3
392 313 3
392 364 2
392 383 2
392 385 3
392 386 2
392 411 2
392 416 3
392 419 3
392 423 3
392 433 3
392 449 3
392 450 3
392 455 3
392 496 3
392 508 3
392 540 3
392 541 2
392 550 3
392 552 2
392 554 3
392 559 3
392 561 2
392 568 3
392 576 3
392 578 3
392 597 3
392 655 4
392 658 3
392 665 3
392 679 3
392 746 3
392 763 3
392 771 2
392 773 2
392 780 2
392 797 2
392 802 2
392 979 2
393 1 4
393 50 4
393 64 4
393 89 4
393 97 3
393 98 4
393 100 4
393 121 3
393 151 3
393 154 3
393 174 4
393 186 3
393 196 4
393 210 3
393 216 4
393 237 3
393 252 3
393 255 3
393 257 3
393 273 3
393 313 3
393 315 3
393 328 3
393 342 3
393 343 3
393 423 3
393 458 3
393 472 3
393 632 3
393 739 3
393 892 3
393 924 3
394 1 5
394 9 5
394 25 4
394 100 4
394 106 5
394 117 4
394 121 4
394 125 5
394 222 4
394 237 4
394 245 4
394 260 4
394 274 5
394 291 4
394 300 4
394 322 4
394 328 4
394 329 5
394 333 4
394 405 4
394 455 5
394 471 5
394 591 5
394 619 5
394 678 4
394 717 5
394 751 4
394 840 5
394 930 5
394 977 5
394 986 5
395 7 5
395 8 5
395 23 5
395 56 5
395 95 5
395 100 5
395 108 5
395 109 5
395 117 4
395 127 5
395 134 5
395 135 5
395 156 5
395 171 5
395 172 5
395 174 5
395 177 5
395 178 5
395 181 4
395 183 5
395 192 5
395 194 5
395 197 5
395 210 5
395 221 5
395 223 5
395 261 5
395 268 4
395 286 5
395 288 4
395 302 4
395 313 4
395 318 5
395 322 4
395 324 5
395 325 4
395 327 4
395 334 5
395 338 4
395 340 4
395 345 5
395 346 4
395 390 5
395 423 5
395 457 5
395 475 5
395 479 5
395 483 5
395 498 5
395 513 5
395 588 5
395 615 5
395 641 5
395 657 5
395 680 5
395 705 5
395 748 4
395 751 4
395 853 5
395 855 5
395 878 5
395 894 5
395 896 5
395 988 5
395 989 5
395 991 5
396 4 5
396 12 4
396 13 4
396 15 4
396 25 4
396 28 4
396 31 4
396 47 4
396 49 5
396 50 4
396 56 4
396 58 4
396 63 4
396 64 4
396 65 4
396 66 4
396 69 4
396 70 4
396 72 5
396 73 5
396 82 4
396 85 5
396 88 5
396 94 4
396 95 4
396 117 4
396 124 4
396 125 4
396 126 4
396 127 4
396 144 5
396 152 5
396 154 5
396 159 4
396 162 5
396 163 5
396 167 5
396 168 4
396 172 4
396 173 4
396 174 4
396 178 5
396 181 4
396 182 4
396 183 4
396 186 4
396 191 4
396 194 5
396 196 4
396 197 4
396 199 5
396 202 4
396 203 4
396 204 5
396 205 5
396 211 5
396 216 4
396 227 4
396 228 4
396 229 4
396 230 4
396 234 5
396 235 4
396 239 4
396 274 5
396 276 4
396 284 4
396 357 4
396 385 4
396 393 4
396 399 5
396 403 4
396 414 5
396 417 5
396 423 4
396 429 4
396 430 5
396 432 5
396 435 5
396 474 4
396 476 4
396 479 5
396 480 5
396 481 5
396 485 5
396 491 5
396 493 5
396 494 5
396 495 5
396 496 5
396 497 5
396 498 5
396 501 5
396 502 5
396 504 5
396 510 5
396 514 4
396 519 5
396 520 5
396 521 4
396 525 5
396 588 5
396 589 5
396 591 4
396 602 5
396 648 5
396 654 5
396 663 4
396 692 4
396 700 5
396 710 5
396 715 4
396 732 5
396 735 4
396 737 4
396 756 4
396 796 5
396 953 5
396 969 5
396 991 5
396 993 4
397 2 4
397 5 4
397 8 3
397 9 4
397 15 4
397 22 4
397 26 4
397 31 4
397 33 4
397 38 3
397 41 4
397 42 4
397 48 4
397 53 3
397 55 4
397 56 3
397 57 3
397 58 4
397 62 4
397 63 4
397 66 4
397 67 4
397 68 4
397 69 4
397 71 4
397 72 4
397 73 4
397 77 4
397 79 3
397 80 3
397 84 3
397 91 4
397 94 4
397 95 4
397 97 4
397 98 4
397 99 3
397 102 4
397 110 4
397 114 4
397 117 4
397 118 4
397 121 4
397 127 3
397 128 4
397 132 3
397 140 4
397 143 3
397 144 4
397 147 4
397 148 3
397 153 4
397 154 3
397 155 4
397 156 3
397 157 3
397 161 4
397 164 4
397 172 4
397 173 4
397 174 3
397 175 3
397 179 4
397 180 4
397 181 4
397 186 4
397 187 3
397 188 3
397 195 3
397 196 4
397 203 3
397 204 4
397 210 4
397 214 4
397 215 4
397 219 4
397 223 4
397 226 4
397 227 3
397 228 3
397 229 3
397 230 3
397 231 4
397 233 4
397 234 3
397 237 4
397 238 4
397 239 4
397 241 4
397 264 4
397 265 4
397 268 3
397 273 3
397 274 4
397 276 4
397 282 4
397 284 3
397 288 3
397 289 4
397 291 4
397 295 4
397 301 3
397 307 4
397 318 4
397 323 4
397 332 4
397 338 4
397 340 4
397 364 4
397 372 4
397 378 4
397 382 4
397 383 4
397 384 3
397 385 4
397 386 4
397 388 4
397 389 4
397 393 4
397 399 4
397 400 4
397 401 3
397 402 4
397 403 4
397 405 4
397 407 3
397 412 3
397 413 3
397 418 3
397 420 3
397 423 4
397 431 3
397 432 4
397 436 4
397 444 4
397 450 4
397 451 4
397 452 3
397 454 4
397 455 3
397 459 4
397 470 3
397 471 4
397 475 3
397 486 4
397 496 3
397 501 3
397 506 4
397 508 4
397 527 3
397 531 4
397 542 4
397 543 4
397 544 3
397 546 4
397 549 3
397 550 4
397 551 4
397 554 4
397 559 3
397 564 3
397 566 3
397 568 4
397 575 4
397 576 4
397 578 4
397 582 3
397 587 4
397 588 4
397 591 4
397 597 4
397 616 3
397 622 4
397 628 4
397 633 3
397 651 4
397 655 4
397 673 4
397 679 4
397 684 4
397 693 3
397 697 3
397 710 4
397 720 4
397 722 4
397 727 4
397 732 4
397 735 4
397 738 4
397 742 4
397 744 4
397 747 5
397 754 4
397 755 4
397 760 4
397 763 4
397 768 4
397 769 4
397 772 4
397 774 4
397 779 4
397 781 4
397 806 4
397 809 4
397 813 3
397 817 4
397 824 4
397 825 4
397 826 4
397 845 4
397 924 4
397 926 4
397 928 4
397 941 4
397 946 4
397 959 3
397 969 4
397 975 4
397 977 4
397 986 4
398 258 3
398 286 3
398 288 3
398 294 3
398 300 3
398 304 2
398 332 3
398 689 2
398 690 3
399 9 2
399 11 2
399 13 3
399 14 2
399 25 2
399 26 2
399 44 2
399 50 2
399 64 2
399 65 2
399 69 2
399 70 2
399 71 2
399 83 3
399 97 2
399 100 2
399 117 2
399 127 3
399 133 2
399 135 2
399 143 2
399 144 2
399 147 2
399 151 2
399 153 2
399 154 2
399 157 2
399 161 2
399 162 2
399 172 2
399 173 2
399 174 2
399 181 2
399 194 2
399 196 2
399 197 2
399 198 2
399 199 2
399 202 2
399 204 2
399 210 2
399 225 2
399 248 2
399 257 2
399 272 2
399 273 3
399 275 2
399 276 3
399 280 2
399 282 2
399 294 3
399 302 3
399 312 3
399 315 2
399 316 2
399 321 2
399 322 3
399 328 3
399 342 2
399 356 2
399 357 2
399 365 2
399 371 2
399 385 2
399 404 3
399 430 2
399 435 3
399 451 2
399 462 2
399 471 3
399 473 2
399 477 2
399 478 3
399 481 2
399 483 3
399 485 3
399 486 2
399 493 3
399 499 3
399 501 2
399 507 2
399 508 3
399 509 2
399 511 3
399 515 2
399 519 3
399 520 2
399 527 2
399 528 2
399 535 2
399 553 2
399 566 2
399 582 3
399 588 2
399 603 3
399 604 3
399 609 2
399 630 3
399 632 3
399 638 3
399 651 3
399 654 3
399 655 3
399 659 3
399 661 3
399 684 2
399 707 3
399 724 2
399 735 2
399 748 3
399 762 3
399 815 2
399 866 2
399 892 2
400 7 3
400 9 3
400 10 2
400 12 3
400 13 3
400 16 2
400 19 2
400 25 3
400 42 2
400 50 4
400 111 3
400 116 2
400 117 3
400 124 3
400 126 2
400 127 4
400 135 3
400 151 3
400 182 3
400 204 4
400 235 3
400 237 3
400 245 2
400 255 3
400 257 2
400 273 2
400 276 3
400 286 3
400 455 3
400 471 3
400 475 2
400 476 3
400 479 3
400 480 3
400 483 4
400 511 4
400 515 3
400 529 3
400 628 3
400 696 2
400 864 2