201 1 4
201 111 5
201 268 5
201 283 5
201 291 5
201 305 5
201 331 5
201 740 5
202 259 1
202 292 1
202 682 1
202 872 1
202 877 1
202 880 1
202 887 1
202 895 1
202 948 1
203 7 4
203 9 3
203 100 3
203 106 4
203 111 4
203 117 3
203 118 3
203 121 3
203 123 4
203 129 4
203 148 4
203 181 3
203 222 3
203 235 4
203 274 4
203 276 4
203 284 4
203 291 4
203 370 4
203 410 4
203 471 3
203 472 4
203 515 4
203 546 4
203 597 4
203 685 4
203 748 4
203 845 4
203 864 4
203 866 4
203 925 4
203 928 4
204 22 5
204 66 5
204 243 5
204 245 5
204 258 5
204 259 5
204 269 5
204 270 5
204 289 5
204 300 5
204 307 5
204 310 5
204 313 5
204 323 5
204 327 5
204 331 5
204 333 5
204 342 5
204 343 5
204 348 5
204 678 5
204 683 5
204 687 5
204 689 5
204 690 5
204 748 5
204 754 5
204 879 5
204 892 5
204 901 5
205 2 2
205 5 2
205 8 2
205 11 2
205 12 2
205 22 2
205 23 2
205 28 2
205 29 2
205 30 2
205 31 2
205 32 2
205 33 2
205 37 2
205 38 2
205 39 2
205 40 2
205 41 2
205 42 2
205 43 2
205 45 2
205 47 2
205 48 2
205 49 2
205 50 2
205 51 2
205 52 2
205 53 2
205 55 2
205 56 2
205 57 2
205 58 2
205 60 2
205 61 2
205 62 2
205 63 2
205 64 2
205 66 2
205 67 2
205 68 2
205 70 2
205 71 2
205 72 2
205 73 2
205 75 2
205 76 2
205 77 2
205 78 2
205 80 2
205 81 2
205 82 2
205 83 2
205 85 2
205 87 2
205 88 2
205 90 2
205 91 2
205 92 2
205 94 2
205 96 3
205 97 2
205 98 2
205 101 2
205 102 2
205 127 2
205 132 2
205 135 2
205 139 2
205 141 2
205 142 2
205 149 2
205 161 2
205 168 2
205 169 2
205 172 1
205 173 2
205 175 2
205 178 2
205 179 2
205 180 2
205 183 2
205 184 2
205 185 2
205 186 2
205 188 2
205 189 2
205 190 2
205 191 2
205 192 2
205 193 2
205 195 2
205 197 2
205 198 2
205 199 2
205 200 2
205 202 2
205 204 2
205 206 2
205 207 2
205 208 2
205 210 2
205 211 2
205 212 2
205 214 2
205 215 2
205 216 2
205 217 2
205 218 2
205 219 2
205 226 2
205 227 2
205 228 2
205 229 2
205 230 2
205 231 2
205 232 2
205 233 2
205 234 2
205 238 2
205 239 2
205 265 2
205 288 2
205 302 2
205 308 2
205 317 2
205 318 2
205 347 2
205 350 2
205 351 2
205 356 2
205 361 2
205 364 2
205 365 2
205 366 2
205 367 2
205 371 2
205 374 2
205 376 2
205 377 2
205 379 2
205 383 2
205 384 2
205 386 2
205 387 2
205 388 2
205 391 2
205 393 2
205 395 2
205 396 2
205 397 2
205 399 2
205 400 2
205 402 2
205 403 2
205 404 2
205 414 2
205 415 2
205 416 2
205 417 2
205 419 2
205 420 2
205 421 2
205 422 2
205 423 2
205 426 2
205 427 2
205 430 2
205 431 2
205 433 2
205 434 2
205 437 2
205 438 2
205 439 2
205 440 2
205 441 2
205 442 2
205 444 2
205 446 2
205 447 2
205 448 2
205 449 2
205 450 2
205 451 2
205 452 2
205 453 2
205 461 2
205 462 2
205 463 2
205 464 2
205 465 2
205 467 2
205 469 2
205 470 2
205 480 2
205 482 2
205 501 2
205 504 2
205 509 2
205 510 2
205 511 2
205 514 2
205 515 2
205 516 2
205 517 2
205 518 2
205 519 2
205 520 2
205 521 2
205 522 2
205 523 2
205 524 2
205 525 2
205 526 2
205 527 2
205 528 2
205 529 2
205 530 2
205 536 2
205 537 2
205 540 2
205 541 2
205 543 2
205 545 2
205 548 2
205 549 2
205 551 2
205 552 2
205 553 2
205 555 2
205 556 2
205 557 2
205 558 2
205 559 2
205 560 2
205 561 2
205 562 2
205 563 2
205 564 2
205 565 2
205 566 2
205 567 2
205 568 2
205 569 2
205 570 2
205 573 2
205 574 2
205 575 2
205 577 2
205 578 2
205 579 2
205 580 2
205 581 2
205 583 2
205 584 2
205 585 2
205 586 2
205 588 2
205 592 2
205 593 2
205 603 2
205 606 2
205 622 2
205 623 2
205 624 2
205 625 2
205 626 2
205 627 1
205 639 2
205 642 2
205 643 2
205 644 2
205 645 2
205 647 2
205 648 2
205 649 2
205 650 2
205 651 2
205 652 2
205 653 2
205 654 2
205 655 2
205 656 2
205 659 2
205 661 2
205 662 2
205 664 2
205 666 2
205 667 2
205 669 2
205 670 2
205 671 2
205 673 2
205 674 2
205 675 2
205 679 2
205 684 2
205 692 2
205 693 2
205 694 2
205 695 2
205 697 2
205 699 2
205 700 2
205 702 2
205 707 2
205 708 2
205 710 2
205 712 2
205 714 2
205 715 2
205 716 2
205 719 2
205 720 2
205 721 2
205 722 2
205 723 2
205 726 2
205 727 2
205 728 2
205 729 2
205 731 2
205 732 2
205 734 2
205 736 2
205 739 2
205 745 2
205 746 2
205 747 2
205 753 2
205 755 2
205 759 2
205 761 2
205 765 2
205 768 2
205 769 2
205 770 2
205 771 2
205 772 2
205 773 2
205 774 2
205 775 2
205 776 2
205 777 2
205 778 2
205 779 2
205 780 2
205 782 2
205 783 2
205 784 2
205 785 2
205 786 2
205 787 2
205 788 2
205 789 2
205 790 2
205 791 2
205 793 2
205 794 2
205 795 2
205 796 2
205 798 2
205 802 2
205 807 2
205 808 2
205 810 2
205 812 2
205 816 2
205 842 2
205 843 2
205 849 2
205 851 2
205 853 2
205 854 2
205 855 2
205 858 2
205 859 2
205 860 2
205 861 2
205 904 2
205 921 2
205 939 2
205 941 2
205 943 2
205 944 2
205 946 2
205 947 2
205 949 2
205 951 2
205 953 2
205 955 2
205 956 2
205 957 2
205 959 2
205 960 2
205 964 2
205 969 2
205 971 2
205 994 2
205 996 2
205 997 2
205 999 2
206 1 2
206 3 1
206 4 1
206 5 1
206 7 2
206 8 1
206 10 1
206 11 2
206 12 2
206 13 1
206 14 1
206 15 1
206 20 1
206 22 1
206 24 1
206 25 1
206 28 2
206 30 1
206 32 1
206 39 1
206 40 1
206 42 1
206 47 1
206 48 1
206 50 2
206 52 1
206 58 1
206 63 1
206 64 2
206 69 2
206 71 1
206 72 1
206 79 2
206 85 1
206 86 1
206 87 1
206 89 1
206 92 1
206 93 1
206 96 1
206 99 1
206 115 1
206 117 1
206 121 1
206 123 1
206 125 1
206 127 2
206 129 1
206 131 1
206 132 2
206 133 1
206 134 2
206 135 2
206 136 1
206 143 2
206 148 1
206 151 2
206 152 1
206 153 1
206 156 1
206 158 1
206 164 1
206 168 1
206 170 1
206 172 2
206 173 2
206 174 2
206 175 1
206 179 1
206 181 2
206 182 1
206 183 1
206 186 1
206 187 1
206 188 1
206 190 1
206 191 2
206 194 2
206 195 2
206 196 1
206 198 1
206 199 1
206 202 1
206 203 2
206 204 1
206 206 1
206 209 1
206 211 2
206 212 1
206 213 1
206 215 1
206 218 1
206 219 1
206 220 1
206 222 1
206 228 1
206 234 2
206 235 1
206 237 2
206 238 1
206 239 1
206 240 1
206 274 1
206 275 1
206 276 1
206 277 1
206 284 1
206 289 1
206 317 1
206 318 2
206 357 2
206 368 1
206 381 1
206 396 1
206 404 1
206 405 1
206 410 1
206 411 1
206 414 1
206 418 1
206 419 1
206 420 1
206 421 1
206 427 2
206 428 1
206 429 1
206 430 1
206 431 1
206 434 1
206 435 1
206 436 1
206 443 1
206 447 1
206 451 1
206 452 1
206 453 1
206 461 1
206 463 1
206 468 1
206 469 1
206 474 1
206 476 1
206 479 3
206 480 2
206 481 1
206 482 1
206 485 1
206 487 1
206 488 1
206 490 1
206 496 2
206 498 1
206 499 1
206 501 1
206 503 1
206 504 2
206 505 1
206 507 1
206 508 1
206 509 1
206 511 1
206 514 1
206 515 1
206 517 1
206 519 1
206 520 1
206 523 1
206 524 1
206 526 1
206 527 1
206 528 1
206 529 1
206 543 1
206 559 1
206 561 1
206 573 1
206 582 1
206 588 1
206 589 1
206 591 1
206 596 1
206 605 1
206 606 1
206 607 1
206 608 1
206 610 1
206 611 1
206 612 1
206 624 1
206 632 1
206 633 1
206 634 1
206 638 1
206 639 1
206 640 1
206 641 1
206 642 1
206 645 1
206 647 1
206 651 1
206 652 1
206 655 1
206 662 1
206 663 1
206 664 1
206 665 1
206 672 1
206 675 1
206 692 1
206 693 1
206 699 1
206 701 1
206 705 1
206 712 1
206 713 1
206 715 1
206 727 1
206 732 1
206 735 1
206 737 1
206 745 1
206 746 1
206 747 1
206 756 1
206 772 1
206 787 1
206 813 1
206 823 1
206 825 1
206 826 1
206 831 1
206 845 1
206 919 1
206 921 1
206 923 1
206 942 1
206 960 1
206 962 1
207 1 5
207 2 5
207 4 5
207 8 5
207 25 5
207 28 5
207 29 5
207 40 5
207 45 5
207 50 5
207 56 5
207 62 5
207 68 5
207 69 5
207 70 5
207 82 5
207 88 5
207 89 5
207 91 5
207 96 5
207 97 5
207 98 5
207 99 5
207 100 5
207 117 5
207 118 5
207 123 5
207 127 5
207 132 5
207 135 5
207 143 5
207 144 5
207 147 5
207 157 5
207 158 5
207 159 5
207 161 5
207 163 5
207 172 5
207 173 5
207 174 5
207 177 5
207 179 5
207 180 5
207 181 5
207 182 5
207 183 5
207 185 5
207 186 5
207 188 5
207 193 5
207 194 5
207 196 5
207 197 5
207 200 5
207 201 5
207 202 5
207 203 5
207 205 5
207 208 5
207 209 5
207 211 5
207 214 5
207 215 5
207 216 5
207 217 5
207 218 5
207 222 5
207 223 5
207 226 5
207 227 5
207 228 5
207 229 5
207 230 5
207 231 5
207 232 5
207 235 5
207 238 5
207 239 5
207 244 5
207 248 5
207 249 5
207 250 5
207 255 5
207 257 5
207 265 5
207 269 5
207 274 5
207 286 5
207 289 5
207 290 5
207 291 5
207 313 5
207 316 5
207 345 5
207 357 5
207 371 5
207 382 5
207 385 5
207 393 5
207 399 5
207 400 5
207 405 5
207 416 5
207 418 5
207 423 5
207 427 5
207 428 5
207 432 5
207 433 5
207 436 5
207 447 5
207 448 5
207 449 5
207 455 5
207 466 5
207 476 5
207 478 5
207 479 5
207 483 5
207 484 5
207 493 5
207 496 5
207 502 5
207 508 5
207 510 5
207 514 5
207 519 5
207 521 5
207 525 5
207 559 5
207 561 5
207 565 5
207 588 5
207 603 5
207 616 5
207 629 5
207 635 5
207 642 5
207 648 5
207 656 5
207 657 5
207 660 5
207 675 5
207 684 5
207 705 5
207 710 5
207 712 5
207 715 5
207 729 5
207 732 5
207 746 5
207 755 5
207 756 5
207 785 5
207 844 5
207 859 5
207 869 5
207 879 5
207 949 5
207 969 5
207 972 5
207 993 5
208 270 5
208 271 5
208 286 5
208 294 5
208 300 5
208 313 5
208 315 5
208 319 5
208 328 5
208 347 5
208 358 5
208 539 5
208 683 5
208 689 5
208 748 5
209 6 3
209 8 4
209 9 4
209 12 4
209 14 3
209 22 3
209 23 3
209 28 3
209 30 3
209 48 4
209 50 4
209 58 3
209 59 4
209 60 3
209 65 3
209 87 4
209 97 3
209 98 4
209 99 3
209 100 5
209 133 3
209 135 3
209 153 3
209 154 3
209 156 4
209 162 3
209 166 3
209 168 3
209 170 3
209 172 3
209 173 4
209 174 3
209 175 3
209 179 3
209 181 4
209 186 3
209 191 3
209 192 3
209 195 3
209 197 3
209 199 3
209 200 3
209 201 4
209 202 3
209 203 3
209 204 4
209 205 3
209 207 3
209 209 3
209 210 3
209 213 3
209 214 3
209 216 3
209 223 4
209 264 4
209 266 3
209 270 4
209 275 4
209 276 4
209 283 4
209 285 4
209 286 3
209 288 4
209 300 4
209 303 4
209 318 4
209 321 4
209 322 4
209 325 4
209 327 4
209 339 4
209 343 4
209 357 3
209 367 4
209 381 3
209 382 3
209 404 3
209 427 3
209 428 4
209 429 3
209 430 3
209 433 4
209 435 3
209 461 3
209 478 3
209 479 3
209 480 3
209 481 3
209 482 3
209 483 3
209 485 3
209 486 3
209 489 3
209 491 3
209 493 4
209 496 3
209 497 3
209 498 3
209 504 3
209 505 3
209 514 3
209 516 3
209 518 4
209 520 3
209 523 3
209 526 3
209 527 3
209 528 3
209 530 3
209 604 4
209 606 3
209 607 4
209 608 3
209 609 3
209 615 4
209 618 3
209 631 3
209 633 3
209 647 3
209 654 4
209 659 3
209 661 3
209 664 3
209 676 4
209 680 3
209 684 3
209 708 3
209 709 4
209 714 3
209 733 4
209 749 4
209 855 4
209 877 4
209 879 3
209 937 4
209 945 4
209 965 3
209 995 4
210 258 2
210 269 3
210 286 3
210 289 3
210 300 2
210 311 3
210 312 2
210 313 2
210 315 3
210 316 2
210 323 2
210 328 1
210 340 2
210 354 2
210 690 2
210 754 2
210 873 3
210 898 3
210 905 2
211 1 4
211 4 5
211 9 5
211 22 5
211 38 5
211 56 4
211 73 5
211 88 5
211 117 5
211 161 5
211 168 4
211 172 5
211 181 4
211 186 4
211 195 4
211 196 5
211 208 5
211 209 5
211 210 5
211 222 4
211 227 5
211 228 4
211 229 4
211 230 5
211 258 4
211 265 5
211 276 4
211 318 5
211 405 5
211 435 4
211 449 5
211 451 5
211 485 5
211 527 5
211 566 5
211 568 5
211 651 5
211 655 5
211 709 5
211 720 5
211 732 5
211 770 5
212 4 4
212 7 4
212 23 4
212 24 5
212 28 4
212 56 3
212 64 3
212 70 4
212 81 4
212 92 4
212 96 4
212 150 5
212 154 4
212 172 4
212 173 4
212 175 4
212 182 4
212 186 4
212 193 4
212 206 5
212 211 4
212 218 5
212 276 5
212 288 5
212 318 4
212 340 4
212 408 5
212 427 5
212 436 4
212 480 4
212 487 5
212 508 4
212 526 4
212 634 5
212 651 4
212 684 4
212 724 5
213 7 3
213 9 3
213 15 4
213 50 3
213 124 2
213 181 3
213 222 2
213 236 1
213 245 1
213 255 2
213 257 2
213 258 3
213 260 1
213 269 2
213 271 2
213 275 2
213 286 2
213 297 1
213 300 2
213 301 2
213 302 2
213 303 1
213 306 1
213 326 1
213 328 2
213 332 2
213 471 2
213 508 2
213 628 2
213 690 2
213 877 1
213 936 1
214 100 5
214 258 5
214 260 4
214 294 4
214 300 5
214 301 5
214 302 5
214 325 5
214 340 5
214 343 5
214 678 5
214 748 4
215 56 3
215 185 2
215 195 3
215 243 2
215 269 2
215 322 2
215 323 2
215 328 3
215 432 2
215 531 2
215 748 3
215 754 2
216 1 5
216 2 5
216 7 5
216 8 5
216 9 5
216 10 5
216 11 5
216 12 5
216 13 5
216 14 5
216 21 5
216 22 5
216 24 5
216 25 5
216 27 5
216 28 5
216 29 5
216 31 5
216 32 5
216 36 5
216 38 5
216 41 5
216 42 5
216 43 5
216 44 5
216 49 5
216 50 5
216 51 5
216 53 5
216 54 5
216 55 5
216 56 5
216 58 5
216 64 5
216 65 5
216 66 5
216 67 5
216 69 5
216 70 5
216 71 5
216 73 5
216 77 5
216 81 5
216 82 5
216 83 5
216 85 5
216 86 5
216 87 5
216 88 5
216 90 5
216 92 5
216 93 5
216 94 5
216 97 5
216 98 5
216 99 5
216 105 5
216 106 5
216 107 5
216 117 5
216 121 5
216 123 5
216 125 5
216 126 5
216 127 5
216 132 5
216 133 5
216 134 5
216 136 5
216 137 5
216 140 5
216 142 5
216 143 5
216 144 5
216 148 5
216 154 5
216 155 5
216 156 5
216 157 5
216 158 5
216 159 5
216 161 5
216 168 5
216 172 5
216 174 5
216 176 5
216 178 5
216 181 5
216 182 5
216 183 5
216 185 5
216 187 5
216 191 5
216 194 5
216 195 5
216 196 5
216 197 5
216 199 5
216 200 5
216 202 5
216 203 5
216 204 5
216 209 5
216 210 5
216 211 5
216 213 5
216 215 5
216 216 5
216 217 5
216 219 5
216 220 5
216 225 5
216 226 5
216 230 5
216 234 5
216 237 5
216 238 5
216 239 5
216 240 5
216 241 5
216 242 5
216 245 5
216 246 5
216 248 5
216 249 5
216 250 5
216 251 5
216 252 5
216 253 5
216 254 5
216 257 5
216 258 5
216 259 5
216 264 5
216 266 5
216 268 5
216 272 5
216 274 5
216 275 5
216 276 5
216 277 5
216 281 5
216 283 5
216 284 5
216 285 5
216 286 5
216 287 5
216 288 5
216 289 5
216 294 5
216 295 5
216 297 5
216 298 5
216 301 5
216 304 5
216 307 5
216 312 5
216 313 5
216 315 5
216 316 5
216 317 5
216 318 5
216 319 5
216 322 5
216 323 5
216 326 5
216 327 5
216 328 5
216 329 5
216 331 5
216 332 5
216 333 5
216 338 5
216 339 5
216 346 5
216 347 5
216 348 5
216 354 5
216 356 5
216 357 5
216 364 5
216 366 5
216 367 5
216 369 5
216 375 5
216 378 5
216 385 5
216 388 5
216 393 5
216 395 5
216 396 5
216 399 5
216 401 5
216 402 5
216 403 5
216 404 5
216 405 5
216 411 5
216 412 5
216 417 5
216 418 5
216 419 5
216 423 5
216 425 5
216 427 5
216 431 5
216 432 5
216 433 5
216 443 5
216 448 5
216 451 5
216 452 5
216 462 5
216 463 5
216 468 5
216 469 5
216 471 5
216 472 5
216 473 5
216 475 5
216 476 5
216 479 5
216 480 5
216 496 5
216 498 5
216 500 5
216 501 5
216 506 5
216 509 5
216 515 5
216 526 5
216 531 5
216 532 5
216 538 5
216 546 5
216 549 5
216 553 5
216 554 5
216 559 5
216 560 5
216 564 5
216 568 5
216 576 5
216 578 5
216 585 5
216 588 5
216 591 5
216 592 5
216 607 5
216 614 5
216 619 5
216 625 5
216 627 5
216 628 5
216 633 5
216 651 5
216 652 5
216 657 5
216 658 5
216 660 5
216 662 5
216 676 5
216 678 5
216 682 5
216 684 5
216 685 5
216 686 5
216 689 5
216 690 5
216 693 5
216 696 5
216 699 5
216 707 5
216 708 5
216 710 5
216 712 5
216 713 5
216 717 5
216 720 5
216 721 5
216 723 5
216 724 5
216 729 5
216 734 5
216 735 5
216 737 5
216 738 5
216 739 5
216 746 5
216 747 5
216 748 5
216 750 5
216 754 5
216 755 5
216 761 5
216 762 5
216 768 5
216 770 5
216 775 5
216 778 5
216 781 5
216 783 5
216 785 5
216 790 5
216 792 5
216 794 5
216 795 5
216 803 5
216 807 5
216 812 5
216 815 5
216 819 5
216 821 5
216 824 5
216 827 5
216 833 5
216 834 5
216 840 5
216 842 5
216 843 5
216 845 5
216 849 5
216 864 5
216 866 5
216 873 5
216 874 5
216 879 5
216 895 5
216 915 5
216 916 5
216 917 5
216 918 5
216 928 5
216 929 5
216 931 5
216 934 5
216 936 5
216 937 5
216 938 5
216 941 5
216 955 5
216 959 5
216 966 5
216 972 5
216 975 5
216 980 5
216 985 5
216 990 5
216 997 5
217 1 3
217 3 3
217 5 3
217 7 3
217 11 4
217 12 4
217 13 3
217 15 3
217 16 3
217 17 3
217 20 3
217 23 4
217 27 4
217 29 3
217 32 3
217 39 4
217 42 3
217 44 4
217 47 3
217 50 4
217 51 4
217 55 4
217 56 4
217 58 4
217 62 4
217 63 3
217 64 4
217 65 3
217 67 3
217 68 4
217 69 4
217 70 4
217 72 4
217 73 4
217 77 4
217 78 3
217 79 4
217 80 3
217 81 3
217 82 4
217 83 4
217 89 4
217 91 4
217 95 4
217 96 4
217 97 4
217 98 4
217 99 4
217 100 3
217 101 4
217 106 3
217 109 3
217 118 3
217 120 3
217 122 3
217 123 3
217 125 3
217 127 4
217 131 4
217 132 4
217 135 4
217 139 3
217 142 3
217 144 4
217 145 3
217 147 3
217 154 4
217 157 4
217 159 3
217 162 4
217 164 3
217 167 3
217 168 4
217 169 3
217 171 3
217 172 4
217 173 4
217 174 4
217 176 4
217 178 4
217 179 4
217 181 4
217 182 4
217 183 5
217 184 3
217 186 4
217 190 4
217 195 4
217 196 4
217 198 4
217 200 4
217 201 3
217 202 4
217 206 3
217 207 3
217 208 4
217 214 3
217 216 4
217 217 3
217 218 4
217 219 3
217 222 4
217 223 3
217 226 4
217 228 4
217 232 4
217 234 4
217 235 3
217 242 3
217 245 3
217 246 3
217 248 3
217 250 3
217 252 3
217 255 3
217 257 3
217 258 3
217 260 3
217 264 3
217 265 4
217 270 3
217 273 3
217 286 3
217 288 3
217 290 3
217 293 3
217 294 3
217 298 3
217 323 4
217 324 3
217 325 3
217 326 3
217 340 3
217 357 4
217 358 3
217 364 3
217 367 4
217 373 3
217 380 3
217 382 4
217 385 5
217 386 3
217 388 3
217 391 3
217 392 3
217 393 4
217 395 3
217 396 3
217 399 3
217 402 4
217 403 4
217 404 4
217 413 3
217 419 4
217 420 4
217 421 4
217 422 3
217 423 4
217 425 3
217 428 3
217 431 4
217 433 4
217 436 4
217 441 3
217 444 3
217 447 4
217 449 4
217 451 4
217 452 3
217 461 3
217 465 3
217 472 3
217 474 4
217 475 3
217 483 4
217 484 4
217 485 4
217 498 4
217 501 4
217 508 3
217 513 4
217 518 3
217 541 3
217 544 3
217 545 3
217 546 4
217 551 3
217 552 3
217 555 3
217 559 4
217 561 3
217 562 3
217 563 3
217 574 3
217 578 4
217 579 3
217 582 4
217 596 3
217 597 3
217 614 3
217 616 3
217 625 4
217 628 3
217 631 4
217 636 4
217 638 3
217 640 3
217 642 3
217 655 4
217 658 3
217 665 4
217 668 3
217 669 3
217 674 3
217 679 4
217 684 4
217 685 3
217 692 4
217 708 4
217 709 4
217 710 3
217 715 3
217 723 3
217 725 3
217 727 3
217 728 3
217 732 4
217 742 3
217 746 4
217 747 4
217 748 3
217 758 3
217 762 3
217 764 3
217 765 3
217 767 3
217 769 3
217 774 3
217 778 3
217 781 4
217 783 3
217 792 4
217 796 3
217 797 3
217 800 3
217 804 3
217 809 3
217 810 3
217 815 3
217 825 3
217 827 3
217 831 3
217 849 3
217 855 4
217 871 3
217 895 3
217 923 3
217 928 3
217 940 3
217 943 3
217 944 3
217 946 3
217 963 3
217 979 3
217 999 3
217 1000 3
218 258 3
218 269 3
218 288 4
218 301 3
218 302 3
218 313 2
218 327 4
218 328 3
218 331 3
218 362 4
218 750 2
218 895 3
218 899 4
219 50 5
219 79 4
219 89 4
219 100 5
219 173 5
219 181 4
219 223 4
219 257 5
219 275 4
219 286 4
219 405 5
219 478 5
219 488 4
219 615 5
219 617 5
219 705 4
220 19 4
220 86 4
220 100 4
220 116 4
220 137 4
220 251 4
220 275 4
220 283 4
220 302 2
220 319 3
220 331 3
220 408 4
220 475 3
220 478 4
220 508 4
220 513 4
220 603 4
220 750 3
220 753 4
221 4 5
221 7 5
221 11 5
221 12 5
221 50 5
221 56 5
221 82 5
221 87 5
221 89 5
221 96 5
221 100 4
221 117 5
221 124 5
221 127 4
221 129 5
221 144 5
221 156 5
221 164 5
221 172 5
221 174 5
221 175 5
221 176 5
221 182 5
221 183 5
221 185 5
221 194 5
221 200 5
221 213 5
221 218 5
221 219 5
221 238 5
221 302 5
221 333 5
221 443 5
221 448 5
221 466 5
221 516 5
221 517 5
221 653 5
221 657 5
221 672 5
221 709 5
221 879 5
221 914 5
221 915 5
222 1 3
222 15 2
222 50 3
222 53 1
222 98 2
222 100 3
222 109 1
222 117 2
222 124 2
222 126 1
222 127 2
222 129 1
222 137 2
222 151 2
222 181 2
222 184 1
222 200 1
222 201 1
222 217 1
222 219 1
222 222 2
222 235 1
222 250 1
222 257 1
222 258 2
222 260 1
222 270 1
222 273 2
222 276 4
222 286 2
222 287 1
222 288 1
222 293 1
222 294 2
222 299 1
222 307 1
222 324 1
222 326 1
222 327 1
222 334 1
222 370 1
222 379 1
222 396 1
222 410 2
222 436 1
222 447 1
222 448 1
222 452 1
222 458 1
222 475 2
222 477 1
222 515 1
222 551 1
222 558 1
222 559 1
222 561 1
222 590 1
222 665 1
222 670 1
222 671 1
222 672 1
222 682 1
222 742 2
222 760 1
222 854 1
222 867 1
222 919 1
222 922 1
222 926 1
223 9 3
223 15 2
223 127 3
223 148 3
223 237 3
223 245 3
223 258 3
223 269 4
223 272 4
223 276 3
223 282 3
223 286 3
223 299 4
223 300 3
223 304 3
223 307 4
223 310 4
223 313 3
223 315 3
223 322 3
223 323 3
223 326 3
223 327 4
223 328 4
223 329 3
223 333 3
223 340 4
223 344 4
223 347 3
223 355 3
223 471 3
223 546 3
223 591 3
223 628 3
223 678 3
223 689 3
223 696 3
223 744 3
223 748 3
223 750 3
223 754 4
223 823 3
223 879 4
223 898 3
223 924 3
223 977 3
224 1 4
224 14 3
224 15 4
224 25 4
224 50 4
224 100 5
224 115 3
224 127 4
224 151 4
224 172 3
224 243 3
224 261 3
224 275 4
224 288 4
224 289 3
224 310 3
224 323 3
224 333 3
224 427 3
224 508 4
224 538 3
224 681 3
224 683 3
224 689 3
224 882 3
225 1 3
225 2 4
225 7 3
225 17 4
225 22 4
225 24 4
225 32 4
225 38 4
225 39 4
225 53 4
225 55 4
225 62 4
225 68 4
225 79 3
225 82 4
225 83 4
225 98 4
225 100 3
225 117 3
225 118 3
225 121 3
225 124 4
225 127 4
225 144 4
225 147 3
225 156 4
225 168 4
225 171 4
225 172 3
225 174 4
225 176 4
225 177 4
225 178 4
225 180 4
225 183 4
225 185 4
225 187 4
225 188 4
225 191 4
225 195 3
225 198 4
225 200 4
225 201 4
225 204 3
225 207 4
225 209 4
225 210 4
225 218 4
225 222 3
225 227 4
225 229 4
225 230 4
225 231 4
225 232 4
225 234 4
225 241 4
225 244 4
225 250 4
225 252 4
225 257 4
225 259 4
225 271 4
225 272 4
225 273 3
225 281 4
225 286 3
225 288 3
225 298 4
225 302 3
225 305 3
225 307 4
225 310 4
225 313 3
225 316 3
225 318 4
225 322 4
225 323 3
225 324 4
225 325 4
225 327 4
225 333 3
225 338 4
225 340 4
225 343 4
225 346 4
225 355 4
225 357 4
225 358 4
225 362 4
225 363 4
225 379 4
225 385 4
225 398 4
225 424 4
225 429 4
225 445 4
225 447 4
225 448 4
225 452 4
225 474 4
225 475 3
225 491 4
225 515 4
225 520 4
225 522 4
225 529 4
225 538 4
225 540 4
225 550 3
225 562 4
225 566 4
225 568 3
225 573 4
225 576 4
225 583 4
225 590 4
225 597 3
225 636 4
225 669 4
225 670 4
225 675 4
225 678 3
225 679 4
225 686 4
225 690 3
225 748 3
225 750 3
225 751 3
225 759 4
225 823 3
225 825 4
225 831 4
225 841 4
225 853 4
225 877 4
225 879 4
225 895 4
225 912 4
225 943 4
225 976 4
226 23 5
226 50 5
226 98 5
226 99 5
226 133 5
226 134 5
226 135 5
226 168 5
226 174 5
226 178 5
226 182 5
226 185 5
226 191 5
226 196 5
226 197 5
226 199 5
226 200 5
226 204 5
226 208 5
226 211 5
226 318 5
226 418 5
226 427 5
226 428 5
226 430 5
226 432 5
226 435 5
226 474 5
226 478 5
226 480 5
226 483 5
226 486 5
226 488 5
226 490 5
226 491 5
226 492 5
226 493 5
226 494 5
226 504 5
226 505 5
226 510 5
226 511 5
226 524 5
226 525 5
226 526 5
226 601 5
226 603 5
226 605 5
226 606 5
226 607 5
226 608 5
226 610 5
226 613 5
226 614 5
226 616 5
226 631 5
226 633 5
226 646 5
226 648 5
226 651 5
226 653 5
226 654 5
226 655 5
226 657 5
226 673 5
226 705 5
226 754 5
226 835 5
226 836 5
226 848 5
227 245 5
227 258 5
227 263 5
227 286 5
227 292 5
227 300 5
227 302 5
227 303 5
227 304 5
227 319 5
227 332 5
227 341 5
227 359 5
227 680 5
227 681 5
227 682 5
227 688 5
227 874 5
228 243 3
228 259 3
228 268 3
228 271 2
228 272 3
228 286 4
228 289 2
228 294 3
228 300 3
228 301 3
228 305 3
228 307 3
228 312 3
228 313 2
228 322 3
228 323 2
228 326 2
228 329 3
228 332 4
228 334 3
228 338 3
228 344 1
228 350 2
228 538 3
228 690 3
228 750 3
228 875 3
228 877 3
228 879 3
228 886 3
228 896 3
228 908 3
228 988 3
229 1 5
229 2 5
229 3 5
229 4 5
229 7 5
229 8 5
229 12 5
229 15 5
229 21 5
229 22 5
229 23 5
229 24 5
229 26 5
229 28 5
229 31 5
229 32 5
229 45 5
229 47 5
229 48 5
229 50 4
229 52 5
229 53 5
229 55 5
229 56 5
229 58 5
229 62 5
229 63 5
229 64 5
229 66 5
229 68 5
229 69 5
229 70 5
229 72 5
229 73 5
229 77 5
229 79 5
229 81 5
229 82 5
229 83 5
229 85 5
229 86 5
229 87 5
229 88 5
229 89 5
229 90 5
229 91 5
229 92 5
229 93 5
229 95 5
229 96 5
229 97 5
229 101 5
229 109 5
229 114 5
229 117 5
229 118 5
229 123 5
229 124 5
229 127 5
229 128 5
229 132 5
229 133 5
229 134 5
229 137 5
229 140 5
229 141 5
229 143 5
229 144 5
229 150 5
229 151 5
229 153 5
229 154 5
229 157 5
229 159 5
229 161 5
229 162 5
229 163 5
229 164 5
229 165 5
229 166 5
229 168 5
229 170 5
229 172 5
229 174 5
229 178 5
229 179 5
229 181 5
229 183 5
229 184 5
229 185 5
229 186 5
229 188 5
229 190 5
229 191 5
229 193 5
229 195 5
229 197 5
229 201 5
229 202 5
229 203 5
229 207 5
229 208 5
229 209 5
229 210 5
229 211 5
229 214 5
229 216 5
229 218 5
229 219 5
229 223 5
229 225 5
229 229 5
229 232 5
229 233 5
229 237 5
229 238 5
229 248 5
229 249 5
229 250 5
229 258 5
229 264 5
229 265 5
229 273 5
229 274 5
229 275 5
229 276 5
229 277 5
229 280 5
229 281 5
229 282 5
229 283 5
229 288 5
229 290 5
229 291 5
229 298 5
229 301 5
229 318 5
229 319 5
229 321 5
229 340 5
229 356 5
229 365 5
229 366 5
229 367 5
229 371 5
229 378 5
229 385 5
229 387 5
229 392 5
229 393 5
229 403 5
229 404 5
229 405 5
229 410 5
229 411 5
229 415 5
229 418 5
229 419 5
229 423 5
229 427 5
229 428 5
229 431 5
229 432 5
229 433 5
229 435 5
229 436 5
229 441 5
229 448 5
229 455 5
229 457 5
229 464 5
229 466 5
229 467 5
229 468 5
229 470 5
229 473 5
229 475 5
229 480 5
229 481 5
229 482 5
229 483 5
229 484 5
229 485 5
229 491 5
229 493 5
229 495 5
229 496 5
229 499 5
229 500 5
229 502 5
229 504 5
229 505 5
229 508 5
229 511 5
229 514 5
229 520 5
229 527 5
229 531 5
229 535 5
229 537 5
229 546 5
229 549 5
229 550 5
229 566 5
229 568 5
229 569 5
229 570 5
229 578 5
229 581 5
229 584 5
229 591 5
229 602 5
229 603 5
229 611 5
229 625 5
229 627 5
229 628 5
229 629 5
229 631 5
229 633 5
229 635 5
229 636 5
229 640 5
229 642 5
229 652 5
229 654 5
229 655 5
229 658 5
229 662 5
229 665 5
229 671 5
229 672 5
229 673 5
229 679 5
229 684 5
229 692 5
229 693 5
229 700 5
229 702 5
229 705 5
229 708 5
229 709 5
229 710 5
229 726 5
229 729 5
229 732 5
229 735 5
229 742 5
229 744 5
229 747 5
229 755 5
229 756 5
229 761 5
229 762 5
229 763 5
229 768 5
229 780 5
229 794 5
229 804 5
229 805 5
229 806 5
229 820 5
229 826 5
229 833 5
229 845 5
229 847 5
229 921 5
229 928 5
229 941 5
229 944 5
229 961 5
229 967 5
229 972 5
230 9 2
230 10 1
230 12 2
230 19 1
230 42 1
230 50 3
230 56 2
230 98 2
230 100 3
230 101 1
230 117 2
230 129 1
230 137 1
230 152 1
230 164 1
230 165 1
230 181 3
230 221 1
230 222 2
230 234 2
230 237 2
230 248 1
230 253 1
230 258 2
230 264 1
230 273 1
230 276 2
230 286 2
230 288 2
230 293 1
230 294 2
230 300 2
230 302 1
230 318 2
230 328 1
230 436 1
230 514 1
230 515 1
230 527 1
230 528 1
230 547 1
230 628 1
230 674 1
231 286 3
231 307 2
231 322 2
231 323 2
231 327 2
231 358 2
231 538 2
231 690 2
231 748 2
231 879 2
231 988 2
232 1 3
232 7 2
232 24 1
232 50 3
232 93 1
232 100 3
232 108 1
232 109 1
232 111 2
232 117 2
232 118 1
232 121 2
232 123 1
232 151 3
232 181 3
232 222 2
232 246 1
232 248 1
232 249 1
232 250 1
232 257 1
232 258 2
232 274 1
232 276 1
232 284 1
232 294 1
232 295 1
232 300 1
232 315 1
232 322 1
232 405 2
232 410 1
232 411 1
232 471 1
232 508 1
232 546 1
232 620 1
232 628 1
232 678 1
232 742 1
232 763 1
232 815 1
232 844 1
232 845 1
233 59 2
233 60 2
233 95 3
233 173 3
233 174 3
233 194 3
233 246 2
233 268 2
233 269 2
233 273 2
233 276 3
233 293 2
233 302 2
233 303 2
233 322 1
233 323 2
233 326 1
233 333 1
233 340 2
233 435 3
233 474 3
233 507 2
233 657 3
233 682 2
233 690 2
233 748 2
233 754 2
233 919 2
234 9 4
234 111 3
234 121 3
234 125 3
234 147 4
234 148 3
234 151 4
234 225 3
234 274 3
234 275 4
234 283 4
234 287 4
234 288 3
234 347 4
234 369 4
234 406 4
234 471 3
234 476 4
234 546 3
234 628 4
234 756 3
234 763 3
234 815 4
234 819 3
234 833 3
234 844 4
234 928 3
234 975 4
235 1 5
235 3 5
235 4 5
235 5 5
235 7 4
235 9 4
235 11 5
235 12 4
235 15 5
235 21 5
235 22 4
235 23 4
235 24 5
235 25 5
235 27 5
235 28 4
235 31 5
235 38 5
235 40 5
235 42 5
235 45 5
235 49 5
235 50 4
235 52 5
235 54 5
235 62 5
235 63 5
235 64 4
235 67 5
235 68 5
235 69 4
235 71 5
235 72 5
235 73 5
235 80 5
235 82 3
235 83 5
235 85 5
235 86 5
235 89 4
235 95 4
235 96 4
235 100 4
235 105 5
235 108 5
235 109 5
235 111 5
235 115 5
235 117 5
235 118 4
235 121 4
235 122 5
235 123 5
235 125 5
235 128 5
235 132 4
235 135 5
235 136 4
235 141 5
235 148 5
235 151 5
235 152 5
235 153 5
235 154 5
235 156 5
235 157 5
235 159 5
235 160 5
235 161 4
235 162 5
235 163 5
235 164 5
235 167 5
235 168 4
235 171 5
235 172 4
235 173 5
235 174 4
235 175 4
235 176 4
235 182 5
235 183 4
235 184 5
235 185 4
235 186 4
235 187 4
235 188 5
235 190 5
235 191 4
235 195 4
235 196 4
235 199 4
235 200 4
235 204 3
235 206 5
235 211 4
235 214 5
235 215 4
235 216 4
235 217 5
235 218 4
235 219 5
235 222 5
235 225 5
235 226 4
235 227 5
235 228 4
235 229 4
235 230 4
235 234 3
235 239 5
235 240 5
235 245 5
235 246 5
235 250 5
235 252 5
235 254 5
235 255 5
235 257 5
235 258 4
235 260 5
235 264 5
235 273 5
235 284 5
235 290 5
235 291 5
235 294 5
235 299 5
235 300 5
235 307 5
235 313 4
235 317 5
235 318 5
235 321 5
235 327 5
235 331 5
235 338 5
235 343 5
235 351 5
235 354 5
235 357 4
235 358 5
235 367 5
235 369 5
235 376 5
235 380 5
235 381 5
235 382 5
235 384 5
235 385 4
235 386 5
235 392 5
235 393 4
235 394 5
235 399 5
235 402 4
235 403 4
235 404 4
235 410 5
235 411 5
235 413 5
235 423 4
235 424 5
235 431 5
235 433 4
235 434 5
235 435 4
235 436 4
235 443 4
235 447 5
235 448 5
235 451 5
235 455 5
235 462 5
235 465 5
235 470 5
235 473 5
235 474 4
235 476 5
235 520 5
235 541 5
235 542 5
235 546 5
235 550 4
235 554 5
235 561 5
235 566 5
235 567 5
235 568 4
235 569 5
235 571 5
235 572 5
235 573 5
235 576 5
235 577 5
235 578 5
235 584 5
235 587 5
235 588 5
235 597 5
235 616 5
235 625 5
235 628 5
235 631 5
235 637 5
235 640 5
235 649 5
235 652 5
235 655 4
235 659 4
235 665 5
235 672 5
235 673 5
235 675 4
235 679 5
235 684 4
235 693 5
235 696 5
235 697 5
235 710 5
235 713 5
235 715 5
235 717 5
235 720 5
235 729 5
235 732 5
235 743 5
235 746 5
235 748 5
235 751 5
235 752 5
235 756 5
235 760 5
235 762 5
235 780 5
235 781 5
235 786 5
235 790 5
235 792 5
235 797 5
235 800 5
235 820 5
235 821 5
235 825 5
235 826 5
235 831 5
235 834 5
235 841 5
235 845 5
235 862 5
235 885 5
235 890 5
235 895 5
235 924 5
235 926 5
235 928 5
235 929 5
235 943 5
235 944 5
235 961 5
235 977 5
235 983 5
236 21 5
236 23 5
236 26 5
236 38 5
236 39 5
236 43 5
236 47 5
236 65 5
236 66 5
236 72 5
236 73 5
236 83 5
236 90 5
236 92 5
236 95 5
236 96 5
236 98 5
236 102 5
236 111 5
236 125 5
236 132 5
236 133 5
236 157 5
236 159 5
236 161 5
236 168 5
236 172 5
236 174 5
236 179 5
236 186 5
236 200 5
236 204 5
236 215 5
236 216 5
236 217 5
236 218 5
236 219 5
236 226 5
236 238 5
236 265 5
236 276 5
236 287 5
236 288 5
236 313 5
236 325 5
236 327 5
236 340 5
236 347 5
236 367 5
236 381 5
236 392 5
236 400 5
236 411 5
236 433 5
236 447 5
236 454 5
236 503 5
236 504 5
236 506 5
236 537 5
236 546 5
236 553 5
236 559 5
236 568 5
236 581 5
236 585 5
236 595 5
236 628 5
236 642 5
236 649 5
236 655 5
236 658 5
236 660 5
236 708 5
236 710 5
236 715 5
236 721 5
236 723 5
236 739 5
236 742 5
236 746 5
236 748 5
236 761 5
236 762 5
236 785 5
236 787 5
236 790 5
236 794 5
236 821 5
236 845 5
236 895 5
236 974 5
237 5 1
237 11 1
237 12 2
237 14 2
237 28 2
237 30 2
237 42 1
237 47 2
237 50 3
237 56 3
237 58 1
237 65 2
237 69 2
237 70 2
237 77 1
237 79 3
237 82 2
237 83 1
237 86 1
237 87 2
237 88 1
237 89 3
237 90 1
237 91 1
237 95 2
237 97 2
237 98 3
237 99 2
237 111 1
237 116 2
237 118 1
237 124 2
237 131 2
237 132 2
237 133 2
237 134 3
237 137 2
237 143 2
237 144 2
237 145 1
237 151 2
237 154 2
237 155 1
237 161 2
237 162 2
237 166 2
237 168 2
237 170 2
237 173 2
237 174 3
237 176 2
237 179 1
237 180 2
237 181 2
237 183 2
237 185 2
237 186 2
237 190 2
237 191 3
237 195 3
237 197 3
237 204 3
237 207 2
237 208 3
237 211 2
237 212 2
237 213 2
237 214 2
237 216 2
237 217 1
237 218 2
237 219 1
237 229 2
237 234 3
237 237 2
237 238 2
237 239 1
237 244 1
237 253 1
237 254 1
237 265 2
237 275 2
237 276 2
237 281 1
237 283 2
237 286 3
237 287 1
237 288 2
237 292 1
237 301 1
237 318 2
237 378 2
237 381 1
237 393 1
237 402 1
237 404 2
237 412 1
237 415 1
237 418 2
237 419 1
237 421 1
237 423 2
237 428 1
237 432 2
237 433 2
237 435 3
237 436 1
237 447 2
237 450 2
237 451 1
237 463 2
237 466 1
237 473 1
237 478 2
237 480 4
237 482 2
237 483 2
237 484 2
237 485 2
237 496 2
237 497 2
237 499 2
237 501 2
237 507 2
237 512 2
237 514 2
237 517 2
237 518 1
237 521 2
237 523 2
237 559 1
237 566 1
237 581 1
237 582 2
237 583 1
237 584 1
237 588 1
237 603 2
237 607 1
237 614 2
237 629 1
237 640 1
237 642 1
237 651 2
237 652 2
237 654 2
237 655 2
237 657 2
237 660 2
237 663 2
237 665 1
237 672 1
237 674 1
237 683 2
237 684 2
237 692 1
237 696 1
237 697 1
237 698 1
237 699 2
237 702 1
237 705 2
237 707 2
237 708 2
237 709 2
237 710 1
237 727 1
237 730 1
237 732 1
237 736 1
237 737 1
237 739 1
237 746 1
237 747 1
237 748 2
237 753 1
237 755 1
237 770 1
237 778 1
237 781 1
237 794 1
237 812 1
237 842 1
237 843 1
237 946 1
237 955 1
237 969 1
238 15 5
238 21 5
238 100 5
238 118 5
238 121 5
238 181 5
238 220 5
238 237 5
238 245 5
238 255 5
238 269 5
238 280 5
238 286 5
238 321 5
238 471 5
238 476 5
238 815 5
238 866 5
239 7 3
239 13 4
239 14 4
239 100 3
239 121 4
239 147 4
239 237 3
239 240 4
239 242 4
239 246 4
239 257 4
239 273 4
239 276 3
239 282 4
239 285 4
239 288 3
239 301 5
239 405 4
239 475 3
239 591 4
239 895 4
240 70 4
240 171 2
240 198 3
240 242 2
240 243 2
240 271 2
240 272 2
240 283 2
240 300 2
240 310 2
240 312 2
240 313 2
240 328 2
240 329 2
240 340 2
240 350 2
240 512 2
240 515 3
240 582 3
240 690 2
240 736 3
240 749 2
240 750 2
240 751 2
240 886 2
240 904 2
240 921 2
240 937 2
241 1 3
241 7 2
241 9 3
241 15 3
241 25 2
241 121 3
241 259 2
241 288 3
241 294 3
241 683 2
242 7 2
242 11 2
242 12 1
242 14 1
242 17 1
242 22 1
242 26 1
242 27 1
242 29 1
242 31 1
242 33 1
242 38 1
242 39 1
242 41 1
242 42 1
242 44 1
242 53 1
242 54 1
242 55 1
242 56 3
242 62 1
242 64 2
242 67 1
242 68 1
242 79 2
242 82 2
242 98 2
242 100 2
242 117 1
242 129 1
242 144 1
242 150 1
242 154 1
242 156 1
242 159 1
242 161 1
242 168 1
242 174 3
242 176 2
242 177 1
242 182 1
242 184 1
242 186 1
242 195 2
242 203 1
242 204 1
242 209 1
242 210 2
242 219 1
242 226 1
242 228 1
242 229 1
242 230 1
242 231 1
242 234 2
242 240 1
242 273 1
242 276 1
242 281 1
242 286 1
242 288 1
242 294 1
242 318 1
242 342 1
242 350 1
242 367 1
242 385 1
242 401 1
242 403 1
242 410 1
242 436 1
242 449 1
242 452 1
242 482 1
242 508 1
242 546 1
242 554 1
242 559 1
242 569 1
242 572 1
242 576 1
242 578 1
242 591 1
242 628 1
242 635 1
242 636 1
242 672 1
242 684 1
242 685 1
242 695 1
242 710 1
242 746 1
242 769 1
242 780 1
242 800 1
242 810 1
242 834 1
242 873 1
242 943 1
242 975 1
243 12 5
243 271 5
243 309 5
243 313 5
243 340 5
243 343 5
243 358 5
243 644 5
243 678 5
243 687 5
244 9 4
244 50 4
244 100 4
244 245 4
244 251 5
244 258 4
244 275 5
244 748 4
244 751 4
244 906 5
244 912 5
244 916 5
245 7 3
245 9 2
245 23 2
245 28 2
245 50 2
245 55 2
245 64 2
245 79 2
245 87 2
245 100 3
245 117 2
245 118 2
245 121 3
245 123 2
245 127 2
245 144 2
245 147 2
245 150 2
245 174 2
245 181 2
245 195 2
245 203 2
245 204 2
245 208 2
245 209 2
245 221 2
245 235 2
245 237 2
245 245 2
245 246 2
245 248 2
245 273 2
245 276 2
245 291 2
245 293 2
245 295 2
245 310 1
245 313 1
245 324 2
245 325 2
245 330 2
245 333 2
245 340 2
245 346 2
245 405 2
245 408 2
245 410 2
245 460 2
245 475 2
245 479 2
245 480 2
245 504 2
245 544 2
245 591 2
245 595 2
245 597 2
245 603 2
245 628 2
245 644 2
245 689 2
245 742 2
245 744 2
245 748 2
245 762 2
245 763 2
245 818 2
245 823 2
245 829 2
245 831 2
245 840 2
245 844 2
245 845 2
245 881 2
245 886 2
245 895 2
245 908 2
245 919 2
245 959 2
245 979 2
246 268 1
246 269 1
246 270 1
246 288 2
246 292 1
246 294 1
246 301 1
246 302 2
246 303 1
246 326 1
246 327 1
246 328 1
246 332 1
246 334 1
246 359 1
246 688 1
246 690 1
246 754 1
246 883 1
246 887 1
246 888 1
247 1 4
247 5 4
247 7 5
247 9 4
247 11 4
247 17 4
247 27 4
247 28 4
247 31 4
247 55 4
247 56 4
247 65 4
247 68 4
247 69 4
247 70 4
247 89 4
247 91 4
247 96 4
247 98 4
247 100 4
247 111 4
247 117 4
247 123 4
247 135 4
247 144 4
247 147 4
247 148 4
247 150 4
247 151 4
247 153 4
247 156 4
247 157 4
247 158 4
247 174 4
247 176 4
247 180 4
247 183 4
247 204 4
247 206 4
247 209 4
247 218 4
247 222 4
247 227 4
247 231 4
247 233 4
247 234 4
247 248 4
247 252 4
247 260 4
247 281 4
247 284 4
247 286 4
247 288 5
247 290 4
247 293 4
247 298 4
247 300 4
247 367 4
247 405 5
247 410 4
247 435 4
247 447 4
247 469 4
247 470 4
247 483 4
247 484 4
247 498 4
247 544 4
247 546 4
247 559 4
247 582 4
247 591 4
247 597 4
247 629 4
247 642 4
247 678 4
247 742 5
247 748 4
247 760 4
247 815 4
247 823 4
247 845 4
247 866 4
247 926 4
247 963 4
247 981 4
248 262 5
248 268 5
248 269 5
248 271 5
248 286 4
248 292 5
248 301 5
248 303 5
248 305 5
248 307 5
248 319 5
248 321 5
248 327 5
248 333 5
248 338 5
248 340 5
248 344 5
248 750 5
248 884 5
248 896 5
248 900 5
248 902 5
249 9 3
249 15 3
249 59 4
249 60 3
249 61 3
249 100 3
249 117 3
249 118 3
249 122 3
249 127 3
249 137 3
249 170 4
249 171 3
249 179 4
249 212 3
249 224 3
249 248 3
249 251 3
249 269 4
249 273 3
249 276 3
249 285 4
249 286 4
249 288 3
249 291 3
249 293 3
249 310 4
249 337 4
249 381 4
249 410 3
249 459 4
249 473 3
249 546 3
249 558 3
249 742 3
249 748 3
249 753 4
249 763 3
249 936 4
249 983 3
250 1 5
250 2 5
250 3 5
250 4 5
250 7 4
250 10 5
250 12 5
250 13 5
250 15 5
250 26 5
250 28 4
250 29 5
250 35 5
250 38 5
250 39 5
250 49 5
250 51 5
250 54 5
250 56 5
250 58 5
250 60 5
250 64 5
250 65 5
250 66 5
250 67 5
250 70 5
250 71 5
250 73 5
250 77 5
250 79 5
250 80 5
250 81 5
250 82 5
250 83 5
250 86 5
250 87 5
250 88 5
250 89 5
250 90 5
250 92 5
250 94 5
250 95 5
250 97 5
250 98 5
250 99 5
250 100 5
250 101 5
250 110 5
250 112 5
250 114 5
250 117 4
250 121 5
250 123 5
250 125 4
250 126 5
250 127 4
250 131 5
250 132 5
250 133 5
250 134 5
250 135 5
250 136 5
250 139 5
250 141 5
250 142 5
250 143 5
250 144 5
250 145 5
250 152 5
250 153 5
250 154 5
250 155 5
250 157 5
250 158 5
250 161 5
250 162 5
250 163 5
250 164 5
250 166 5
250 167 5
250 168 5
250 169 5
250 173 5
250 174 5
250 176 5
250 177 5
250 179 5
250 180 5
250 182 5
250 183 5
250 185 5
250 187 5
250 191 5
250 192 5
250 193 5
250 194 5
250 195 4
250 196 5
250 197 5
250 199 5
250 200 5
250 202 5
250 203 5
250 204 5
250 205 5
250 207 5
250 208 5
250 210 5
250 211 5
250 215 5
250 216 5
250 218 5
250 222 4
250 223 5
250 225 4
250 226 5
250 227 5
250 229 5
250 231 5
250 233 4
250 237 5
250 238 5
250 239 5
250 241 5
250 245 4
250 252 4
250 254 5
250 258 4
250 264 5
250 265 5
250 269 4
250 270 5
250 272 5
250 274 5
250 275 5
250 277 5
250 278 5
250 280 4
250 281 5
250 282 4
250 283 5
250 288 3
250 290 5
250 292 5
250 294 4
250 299 5
250 300 4
250 301 4
250 302 5
250 304 4
250 305 5
250 310 4
250 311 5
250 312 5
250 313 4
250 315 5
250 316 5
250 328 4
250 332 4
250 340 4
250 354 4
250 357 5
250 367 5
250 371 5
250 373 4
250 378 5
250 380 5
250 381 5
250 382 5
250 383 5
250 384 5
250 385 5
250 387 5
250 393 5
250 395 5
250 396 5
250 400 5
250 401 5
250 402 5
250 414 5
250 416 5
250 417 5
250 418 5
250 419 5
250 421 5
250 422 5
250 428 5
250 431 5
250 432 5
250 433 5
250 434 5
250 435 5
250 443 5
250 448 5
250 451 5
250 455 5
250 462 5
250 465 5
250 467 5
250 469 4
250 470 5
250 471 5
250 472 5
250 474 5
250 476 5
250 477 5
250 478 5
250 479 5
250 480 5
250 481 5
250 482 5
250 483 5
250 484 5
250 487 5
250 488 5
250 490 5
250 491 5
250 493 5
250 494 5
250 495 5
250 496 5
250 497 5
250 499 5
250 500 5
250 502 5
250 503 5
250 505 5
250 506 5
250 507 5
250 509 5
250 510 5
250 511 5
250 514 5
250 518 5
250 520 5
250 523 5
250 525 5
250 526 5
250 527 5
250 528 5
250 530 5
250 535 5
250 549 5
250 550 5
250 553 5
250 557 5
250 558 5
250 559 5
250 561 5
250 566 5
250 568 5
250 570 5
250 582 5
250 583 5
250 589 5
250 591 4
250 602 5
250 604 5
250 606 5
250 607 5
250 608 5
250 609 5
250 610 5
250 611 5
250 612 5
250 613 5
250 614 5
250 618 5
250 620 5
250 622 5
250 629 5
250 630 5
250 631 5
250 632 5
250 633 5
250 637 5
250 642 5
250 647 5
250 648 5
250 650 5
250 651 5
250 655 5
250 657 5
250 659 5
250 660 5
250 661 5
250 663 5
250 673 5
250 679 5
250 685 5
250 686 5
250 689 5
250 692 5
250 693 5
250 700 5
250 704 5
250 705 5
250 707 5
250 708 5
250 709 5
250 710 5
250 712 5
250 714 5
250 715 5
250 716 5
250 717 5
250 723 5
250 727 5
250 728 5
250 729 5
250 731 5
250 735 5
250 736 5
250 742 4
250 747 5
250 748 4
250 751 4
250 761 5
250 762 5
250 765 5
250 771 5
250 774 5
250 775 5
250 778 5
250 783 5
250 785 5
250 790 5
250 792 5
250 794 5
250 801 5
250 807 5
250 815 5
250 821 5
250 823 5
250 832 5
250 837 5
250 842 5
250 845 5
250 846 5
250 847 5
250 865 5
250 869 5
250 873 5
250 878 5
250 900 5
250 902 5
250 904 5
250 905 5
250 908 5
250 921 5
250 923 5
250 926 5
250 928 5
250 934 5
250 936 5
250 939 5
250 940 5
250 942 5
250 951 5
250 956 5
250 965 5
250 966 5
250 967 5
250 969 5
251 242 3
251 243 3
251 259 3
251 260 3
251 262 3
251 268 3
251 269 3
251 270 3
251 286 3
251 288 3
251 289 3
251 292 3
251 294 3
251 299 3
251 300 2
251 301 2
251 303 3
251 305 3
251 307 3
251 308 3
251 319 3
251 322 3
251 323 3
251 325 3
251 327 3
251 328 3
251 329 3
251 330 3
251 331 3
251 332 3
251 333 3
251 336 3
251 337 3
251 359 3
251 360 3
251 457 3
251 680 3
251 681 3
251 682 3
251 687 3
251 749 3
251 872 3
251 874 3
251 875 3
251 877 3
251 879 3
251 880 3
251 881 3
251 882 3
251 883 3
251 884 3
251 937 3
251 938 3
251 984 3
251 989 3
251 991 3
251 995 3
252 7 4
252 8 4
252 14 3
252 22 4
252 25 4
252 27 4
252 45 3
252 48 3
252 52 3
252 58 4
252 60 3
252 61 3
252 62 4
252 64 4
252 66 4
252 69 3
252 70 3
252 73 4
252 86 3
252 88 4
252 89 4
252 96 3
252 97 4
252 99 4
252 111 4
252 121 4
252 124 4
252 127 4
252 132 4
252 134 3
252 135 4
252 136 4
252 143 4
252 152 3
252 154 4
252 156 4
252 161 4
252 162 4
252 163 4
252 168 4
252 170 3
252 171 4
252 173 4
252 174 4
252 180 3
252 181 4
252 183 4
252 185 4
252 186 4
252 187 3
252 188 4
252 191 3
252 194 4
252 195 4
252 197 3
252 201 4
252 202 4
252 203 3
252 204 5
252 207 4
252 212 2
252 216 4
252 234 3
252 237 3
252 243 4
252 245 4
252 259 4
252 269 3
252 276 4
252 286 4
252 294 4
252 318 4
252 371 4
252 384 4
252 404 4
252 418 4
252 419 4
252 420 4
252 423 4
252 427 3
252 430 3
252 432 4
252 435 4
252 443 3
252 455 4
252 458 4
252 461 4
252 462 3
252 465 4
252 467 4
252 472 4
252 479 4
252 482 4
252 483 4
252 485 4
252 488 4
252 491 4
252 492 4
252 494 3
252 495 4
252 496 5
252 498 4
252 502 4
252 506 4
252 510 5
252 513 4
252 517 3
252 518 4
252 521 4
252 523 4
252 526 4
252 530 4
252 531 3
252 554 4
252 576 4
252 588 4
252 597 4
252 603 3
252 609 3
252 614 4
252 615 4
252 624 4
252 631 4
252 636 4
252 641 4
252 648 4
252 654 4
252 659 4
252 660 4
252 684 3
252 729 4
252 736 3
252 780 4
252 781 4
252 792 3
252 805 4
252 815 4
252 863 4
252 874 4
252 924 4
252 947 4
252 969 4
252 971 4
253 3 3
253 4 3
253 7 4
253 9 3
253 11 3
253 12 4
253 17 3
253 22 3
253 24 3
253 33 4
253 42 3
253 48 3
253 49 3
253 50 3
253 53 3
253 59 4
253 68 3
253 69 3
253 73 3
253 79 4
253 80 3
253 93 3
253 94 3
253 97 3
253 98 4
253 100 4
253 117 3
253 122 3
253 125 3
253 132 4
253 143 3
253 154 3
253 156 4
253 157 3
253 158 3
253 164 4
253 168 4
253 172 3
253 174 3
253 181 3
253 186 3
253 188 3
253 196 3
253 204 3
253 210 3
253 231 3
253 233 3
253 238 4
253 239 3
253 246 3
253 248 3
253 254 3
253 258 4
253 268 3
253 276 3
253 288 3
253 298 3
253 318 3
253 354 3
253 356 3
253 357 4
253 364 3
253 367 3
253 369 3
253 384 3
253 385 3
253 393 3
253 401 3
253 402 3
253 410 3
253 412 3
253 416 3
253 421 3
253 423 3
253 424 3
253 427 4
253 456 3
253 471 3
253 475 3
253 476 3
253 496 3
253 508 3
253 509 4
253 515 3
253 550 3
253 552 3
253 566 3
253 568 3
253 578 3
253 586 3
253 591 3
253 628 3
253 651 3
253 655 3
253 684 3
253 693 3
253 697 3
253 717 3
253 721 3
253 742 3
253 871 3
253 959 3
253 963 3
253 975 3
254 1 2
254 11 1
254 12 1
254 15 1
254 22 1
254 28 1
254 50 2
254 51 1
254 55 1
254 56 1
254 58 1
254 66 1
254 69 1
254 70 1
254 73 1
254 76 1
254 77 1
254 79 1
254 82 1
254 87 1
254 88 1
254 89 1
254 96 1
254 97 1
254 98 1
254 99 1
254 100 1
254 107 1
254 114 1
254 117 1
254 118 1
254 121 1
254 124 1
254 131 1
254 133 1
254 134 1
254 136 1
254 143 1
254 144 1
254 153 1
254 161 1
254 162 1
254 164 1
254 169 1
254 172 1
254 173 1
254 174 2
254 181 2
254 182 1
254 185 1
254 191 1
254 195 2
254 196 1
254 197 1
254 199 1
254 202 1
254 203 1
254 204 1
254 210 1
254 211 1
254 215 1
254 222 1
254 228 1
254 234 1
254 237 1
254 245 1
254 248 1
254 250 1
254 255 1
254 257 1
254 258 1
254 259 1
254 260 1
254 270 1
254 272 1
254 277 1
254 279 1
254 286 1
254 289 1
254 293 1
254 300 1
254 310 1
254 315 1
254 316 1
254 317 1
254 318 1
254 322 1
254 323 1
254 326 1
254 356 1
254 357 1
254 378 1
254 385 1
254 392 1
254 414 1
254 418 1
254 419 1
254 423 1
254 427 1
254 431 1
254 434 1
254 435 1
254 451 1
254 465 1
254 468 1
254 474 1
254 478 1
254 479 1
254 482 1
254 483 1
254 484 1
254 485 1
254 487 1
254 490 1
254 492 1
254 493 1
254 496 1
254 497 1
254 507 1
254 509 1
254 519 1
254 520 1
254 526 1
254 528 1
254 531 1
254 566 1
254 568 1
254 603 1
254 605 1
254 607 1
254 610 1
254 612 1
254 614 1
254 627 1
254 631 1
254 633 1
254 642 1
254 649 1
254 651 1
254 654 1
254 655 1
254 657 1
254 659 1
254 660 1
254 661 1
254 678 1
254 685 1
254 686 1
254 692 1
254 693 1
254 694 1
254 705 1
254 707 1
254 724 1
254 735 1
254 736 1
254 740 1
254 742 1
254 746 1
254 836 1
254 837 1
254 842 1
254 873 1
254 875 1
254 879 1
254 939 1
254 945 1
254 956 1
254 968 1
255 1 2
255 2 2
255 4 2
255 7 3
255 8 2
255 9 2
255 12 2
255 14 2
255 17 2
255 20 2
255 24 2
255 25 2
255 31 2
255 39 2
255 40 1
255 42 2
255 44 2
255 47 2
255 53 2
255 56 3
255 57 2
255 58 2
255 64 2
255 69 2
255 70 2
255 71 2
255 87 2
255 95 2
255 96 3
255 97 2
255 98 3
255 100 3
255 118 2
255 123 2
255 125 2
255 126 2
255 127 3
255 135 2
255 148 2
255 161 2
255 170 2
255 174 4
255 176 3
255 191 2
255 196 2
255 197 2
255 204 2
255 214 2
255 217 2
255 222 2
255 223 2
255 228 2
255 234 2
255 237 2
255 241 2
255 245 2
255 252 2
255 255 1
255 257 2
255 265 2
255 270 2
255 275 2
255 276 2
255 277 2
255 279 2
255 281 2
255 282 2
255 288 2
255 289 2
255 291 2
255 292 2
255 293 2
255 300 2
255 301 2
255 304 2
255 307 2
255 313 2
255 317 2
255 318 2
255 321 2
255 323 2
255 334 2
255 343 2
255 380 2
255 382 2
255 393 2
255 402 2
255 405 2
255 423 2
255 428 2
255 447 2
255 455 2
255 462 2
255 465 2
255 471 2
255 475 2
255 504 2
255 508 2
255 511 3
255 515 2
255 518 2
255 529 2
255 531 2
255 582 2
255 584 2
255 591 2
255 597 2
255 627 2
255 628 2
255 629 2
255 647 2
255 660 2
255 678 2
255 692 2
255 694 2
255 709 2
255 724 1
255 727 2
255 738 2
255 747 2
255 755 2
255 778 2
255 898 2
255 934 2
255 939 2
256 1 4
256 3 4
256 4 4
256 9 3
256 12 4
256 13 4
256 22 4
256 23 4
256 32 4
256 42 4
256 46 4
256 50 4
256 53 4
256 54 4
256 57 4
256 60 4
256 61 4
256 68 4
256 69 4
256 71 4
256 79 4
256 80 4
256 86 4
256 91 4
256 92 4
256 95 4
256 97 4
256 100 2
256 101 4
256 111 4
256 121 4
256 125 4
256 127 4
256 133 4
256 135 4
256 143 4
256 161 4
256 168 4
256 170 4
256 172 5
256 174 4
256 175 4
256 177 4
256 179 4
256 181 5
256 182 4
256 185 4
256 186 4
256 187 4
256 188 4
256 194 4
256 196 4
256 197 4
256 200 4
256 202 4
256 210 5
256 211 4
256 218 4
256 222 4
256 226 4
256 228 4
256 231 4
256 232 4
256 234 4
256 238 4
256 268 4
256 273 4
256 274 4
256 282 4
256 286 4
256 294 4
256 325 4
256 346 4
256 357 4
256 366 4
256 369 4
256 380 4
256 403 5
256 410 4
256 414 4
256 419 4
256 421 4
256 423 4
256 427 4
256 431 4
256 432 4
256 433 4
256 443 4
256 448 4
256 449 4
256 452 4
256 460 4
256 461 4
256 462 4
256 474 4
256 475 4
256 479 4
256 484 4
256 490 4
256 498 4
256 505 4
256 506 4
256 508 4
256 523 4
256 546 4
256 559 4
256 568 4
256 578 4
256 581 4
256 582 4
256 603 4
256 608 4
256 616 4
256 640 4
256 655 4
256 658 4
256 660 4
256 662 4
256 672 4
256 673 4
256 693 4
256 696 4
256 708 4
256 710 4
256 715 4
256 720 4
256 721 4
256 737 4
256 743 4
256 763 4
256 789 4
256 806 4
256 818 4
256 845 4
256 864 4
256 919 4
256 922 4
256 933 4
256 943 4
256 955 4
256 959 4
256 963 4
256 979 4
256 985 4
257 4 3
257 7 3
257 8 3
257 9 3
257 11 2
257 12 4
257 14 3
257 15 2
257 20 2
257 27 2
257 31 2
257 38 2
257 44 2
257 45 2
257 48 2
257 50 4
257 51 2
257 52 2
257 53 2
257 54 2
257 56 4
257 57 2
257 58 3
257 59 2
257 62 3
257 64 4
257 65 2
257 66 2
257 70 3
257 77 2
257 79 4
257 82 3
257 83 2
257 86 2
257 89 4
257 91 2
257 94 2
257 96 3
257 97 3
257 100 4
257 105 1
257 114 2
257 117 2
257 118 2
257 122 1
257 127 3
257 132 3
257 134 3
257 137 3
257 143 3
257 144 3
257 148 2
257 151 2
257 155 2
257 156 2
257 157 2
257 161 3
257 162 2
257 164 2
257 168 4
257 172 3
257 173 3
257 174 4
257 176 4
257 180 3
257 181 4
257 182 3
257 183 4
257 185 3
257 186 3
257 190 3
257 191 3
257 192 2
257 193 3
257 194 3
257 195 4
257 196 3
257 197 3
257 200 3
257 203 3
257 204 3
257 209 3
257 214 2
257 215 3
257 216 3
257 218 2
257 219 2
257 226 2
257 229 3
257 230 3
257 231 2
257 232 2
257 234 3
257 235 2
257 237 3
257 239 2
257 240 2
257 241 3
257 243 1
257 248 2
257 257 2
257 258 4
257 265 3
257 282 2
257 285 2
257 288 2
257 304 1
257 318 3
257 357 3
257 366 2
257 370 1
257 372 2
257 373 1
257 378 2
257 380 2
257 385 3
257 393 2
257 395 1
257 401 1
257 402 2
257 403 3
257 405 2
257 410 2
257 411 2
257 412 2
257 417 2
257 425 2
257 428 2
257 436 2
257 443 3
257 448 2
257 450 2
257 452 2
257 453 1
257 455 2
257 456 1
257 458 2
257 462 2
257 469 2
257 470 2
257 471 2
257 472 2
257 473 2
257 474 3
257 476 2
257 483 3
257 500 1
257 507 2
257 509 2
257 527 3
257 529 2
257 531 2
257 540 2
257 546 2
257 549 2
257 553 2
257 559 2
257 566 2
257 568 3
257 582 2
257 584 1
257 588 2
257 597 2
257 623 1
257 628 2
257 629 2
257 631 2
257 632 2
257 636 2
257 640 2
257 651 3
257 655 3
257 658 2
257 664 1
257 673 2
257 679 2
257 692 2
257 699 2
257 704 1
257 708 2
257 709 2
257 717 1
257 720 2
257 722 1
257 727 2
257 729 2
257 732 2
257 739 2
257 742 2
257 744 2
257 747 2
257 755 2
257 756 1
257 758 1
257 769 1
257 770 2
257 775 2
257 783 2
257 792 2
257 819 1
257 825 2
257 841 1
257 845 2
257 871 2
257 931 1
257 934 1
257 948 1
257 949 2
257 959 2
257 980 1
258 8 4
258 9 4
258 12 4
258 13 3
258 14 4
258 20 4
258 23 4
258 25 3
258 28 4
258 32 4
258 48 4
258 50 4
258 57 4
258 58 4
258 86 4
258 96 4
258 98 4
258 117 3
258 121 4
258 124 3
258 126 4
258 127 4
258 129 4
258 134 4
258 143 4
258 144 4
258 147 3
258 152 4
258 169 4
258 174 5
258 178 4
258 179 4
258 180 4
258 181 4
258 182 4
258 183 5
258 189 4
258 190 4
258 191 4
258 192 4
258 193 4
258 195 5
258 203 4
258 208 4
258 209 4
258 234 4
258 237 3
258 238 4
258 245 4
258 250 4
258 255 3
258 273 3
258 278 3
258 282 4
258 283 3
258 284 4
258 285 3
258 286 4
258 287 3
258 288 4
258 293 3
258 298 3
258 301 3
258 304 4
258 307 4
258 317 3
258 318 4
258 319 3
258 321 4
258 330 3
258 333 4
258 346 3
258 357 4
258 387 4
258 405 3
258 408 4
258 410 4
258 423 4
258 425 4
258 427 4
258 430 4
258 467 4
258 469 4
258 473 3
258 474 4
258 496 4
258 509 4
258 514 4
258 517 4
258 521 4
258 526 4
258 529 4
258 530 4
258 546 4
258 582 4
258 588 4
258 589 4
258 591 3
258 597 4
258 603 3
258 632 4
258 644 4
258 648 3
258 651 4
258 654 4
258 663 4
258 685 3
258 694 4
258 696 3
258 704 4
258 709 4
258 717 4
258 736 3
258 742 3
258 750 3
258 753 4
258 792 4
258 844 3
258 847 3
258 896 3
258 925 3
258 939 3
258 952 3
258 956 4
258 980 4
259 1 3
259 3 1
259 7 2
259 8 2
259 15 2
259 16 1
259 19 1
259 22 2
259 25 2
259 100 3
259 108 1
259 111 2
259 117 2
259 120 1
259 121 2
259 123 1
259 134 2
259 147 1
259 148 1
259 164 1
259 172 2
259 174 2
259 181 2
259 194 2
259 216 2
259 220 1
259 222 2
259 225 1
259 230 1
259 245 1
259 249 1
259 250 1
259 255 1
259 258 2
259 264 1
259 278 1
259 282 1
259 286 2
259 289 1
259 291 1
259 295 1
259 300 1
259 301 1
259 322 1
259 323 1
259 328 1
259 332 1
259 333 1
259 336 1
259 357 2
259 358 1
259 411 1
259 472 1
259 473 1
259 523 2
259 546 1
259 568 1
259 596 1
259 597 1
259 651 1
259 676 1
259 678 1
259 685 1
259 687 1
259 742 2
259 748 1
259 815 1
259 825 1
259 827 1
259 832 1
259 846 1
259 864 1
259 866 1
259 873 1
259 879 1
259 934 1
259 969 1
259 978 1
259 989 1
260 1 2
260 7 2
260 10 1
260 14 1
260 20 1
260 117 2
260 127 2
260 129 1
260 146 1
260 221 1
260 224 1
260 242 1
260 248 1
260 250 1
260 253 1
260 257 1
260 258 3
260 273 1
260 275 1
260 276 2
260 279 1
260 286 3
260 289 2
260 294 3
260 297 1
260 301 1
260 302 2
260 303 1
260 307 1
260 311 1
260 322 1
260 327 1
260 458 1
260 515 1
260 532 1
260 591 1
260 676 1
260 713 1
260 744 1
261 121 4
261 158 5
261 242 4
261 255 4
261 269 5
261 285 5
261 302 4
261 304 4
261 319 5
261 347 5
261 682 4
262 11 4
262 22 4
262 100 4
262 136 4
262 237 5
262 259 3
262 271 3
262 288 3
262 289 3
262 292 3
262 300 4
262 313 4
262 321 3
262 332 3
262 358 3
262 678 4
262 682 3
262 866 4
262 895 4
263 3 5
263 7 3
263 10 5
263 14 5
263 15 4
263 20 5
263 24 4
263 50 3
263 93 5
263 100 4
263 103 5
263 107 5
263 112 5
263 116 5
263 117 3
263 121 3
263 124 5
263 126 5
263 127 4
263 137 5
263 147 4
263 149 5
263 150 5
263 151 4
263 221 5
263 224 5
263 225 4
263 235 4
263 242 5
263 243 5
263 244 5
263 248 5
263 249 5
263 250 4
263 253 5
263 257 4
263 258 4
263 268 5
263 270 5
263 274 4
263 282 4
263 283 5
263 284 4
263 285 4
263 288 4
263 301 5
263 304 5
263 306 5
263 311 5
263 319 5
263 347 5
263 362 5
263 455 4
263 472 4
263 473 5
263 475 4
263 477 5
263 508 4
263 544 5
263 593 5
263 596 4
263 597 4
263 689 5
263 741 5
263 744 5
263 751 4
263 819 5
263 845 4
263 864 5
263 870 5
263 880 5
263 887 5
263 926 5
263 930 5
263 950 5
263 952 5
263 988 5
263 993 5
264 16 1
264 116 1
264 176 1
264 181 2
264 194 2
264 248 1
264 258 3
264 260 1
264 269 2
264 286 3
264 289 2
264 293 1
264 298 1
264 300 2
264 301 2
264 321 2
264 322 2
264 328 2
264 333 2
264 358 1
264 482 1
264 603 1
264 678 1
264 705 1
264 709 1
264 748 1
264 879 2
265 1 4
265 7 3
265 8 4
265 12 4
265 22 3
265 28 3
265 32 3
265 56 3
265 64 4
265 87 4
265 97 4
265 100 3
265 109 3
265 114 4
265 132 4
265 134 4
265 136 4
265 143 4
265 154 3
265 169 4
265 172 4
265 174 3
265 175 3
265 179 3
265 180 4
265 181 4
265 190 3
265 191 4
265 194 3
265 198 4
265 199 4
265 202 3
265 257 4
265 258 3
265 283 4
265 286 4
265 300 3
265 318 4
265 319 3
265 395 3
265 404 3
265 423 4
265 428 3
265 474 4
265 475 3
265 478 5
265 481 3
265 496 4
265 529 4
265 584 3
265 588 3
265 603 3
265 615 4
265 638 3
265 651 3
265 656 3
265 705 4
265 855 4
266 2 5
266 11 5
266 22 5
266 24 5
266 27 5
266 50 4
266 55 5
266 56 4
266 62 5
266 79 5
266 87 5
266 89 5
266 95 5
266 96 5
266 98 4
266 117 5
266 127 5
266 128 5
266 144 5
266 174 4
266 181 4
266 182 5
266 183 5
266 184 5
266 187 5
266 188 5
266 210 4
266 231 5
266 232 5
266 258 5
266 265 5
266 268 5
266 269 5
266 273 5
266 288 5
266 292 5
266 294 5
266 302 5
266 306 5
266 308 5
266 313 5
266 315 5
266 321 5
266 324 5
266 326 5
266 327 5
266 328 5
266 331 5
266 333 5
266 334 5
266 346 5
266 349 5
266 350 5
266 354 5
266 357 4
266 385 5
266 405 5
266 455 5
266 518 5
266 546 5
266 550 5
266 566 5
266 568 5
266 651 5
266 682 5
266 748 5
266 873 5
266 882 5
266 885 5
266 898 5
266 902 5
266 908 5
266 995 5
267 7 4
267 10 4
267 24 4
267 50 3
267 93 4
267 100 4
267 108 4
267 109 4
267 150 4
267 240 4
267 246 4
267 248 4
267 249 4
267 264 4
267 268 4
267 269 4
267 273 4
267 276 4
267 298 4
267 327 4
267 340 4
267 455 4
267 475 4
267 742 4
267 762 4
267 919 4
268 1 2
268 4 2
268 7 2
268 8 1
268 13 3
268 15 2
268 19 1
268 22 2
268 23 2
268 25 2
268 31 1
268 39 1
268 42 1
268 47 1
268 51 1
268 56 3
268 58 1
268 69 2
268 70 2
268 71 1
268 95 1
268 96 1
268 97 2
268 98 2
268 100 3
268 111 2
268 116 1
268 118 1
268 121 2
268 126 2
268 132 2
268 137 2
268 144 1
268 150 2
268 153 2
268 157 1
268 159 1
268 160 1
268 170 2
268 172 1
268 173 2
268 178 2
268 180 2
268 181 2
268 182 2
268 191 2
268 192 1
268 195 2
268 200 1
268 209 2
268 214 1
268 216 2
268 222 1
268 238 2
268 246 1
268 251 1
268 257 1
268 258 2
268 273 2
268 283 2
268 285 2
268 293 1
268 294 2
268 297 1
268 318 2
268 321 1
268 357 2
268 367 1
268 377 1
268 405 2
268 411 1
268 423 2
268 427 2
268 428 1
268 435 2
268 462 2
268 469 1
268 471 1
268 475 2
268 498 2
268 507 1
268 529 2
268 544 1
268 582 1
268 603 2
268 612 1
268 642 1
268 655 2
268 662 1
268 692 2
268 699 1
268 724 1
268 742 1
268 826 1
268 856 1
268 926 1
268 952 1
269 64 5
269 65 5
269 127 5
269 134 5
269 136 5
269 153 5
269 194 5
269 199 5
269 215 5
269 286 5
269 306 5
269 483 5
269 484 5
269 490 5
269 495 5
269 507 5
269 511 5
269 520 5
269 530 5
269 582 5
269 605 5
269 610 5
269 611 5
269 641 5
269 654 5
269 656 5
269 705 5
269 855 5
269 923 5
270 1 3
270 7 4
270 9 3
270 13 3
270 19 3
270 50 3
270 93 3
270 100 3
270 118 3
270 125 3
270 150 3
270 181 3
270 221 3
270 235 3
270 248 3
270 257 3
270 258 3
270 276 3
270 283 3
270 284 3
270 285 3
270 286 3
270 293 3
270 294 4
270 295 3
270 360 3
270 458 3
270 471 3
270 475 3
270 508 3
270 544 3
270 546 3
270 813 3
270 824 3
270 919 3
270 950 3
270 952 3
271 1 3
271 8 2
271 50 3
271 94 2
271 95 2
271 99 2
271 140 2
271 225 2
271 404 1
271 418 2
271 477 1
271 501 2
271 596 2
271 768 1
271 878 1
271 932 1
271 969 1
272 1 3
272 2 3
272 3 3
272 4 3
272 7 3
272 11 3
272 12 4
272 21 3
272 24 3
272 27 3
272 28 3
272 29 3
272 33 3
272 38 3
272 41 3
272 43 3
272 49 3
272 51 4
272 56 4
272 63 3
272 64 4
272 66 3
272 68 3
272 69 4
272 71 3
272 72 3
272 73 3
272 78 3
272 79 4
272 80 3
272 82 3
272 88 3
272 90 3
272 94 3
272 97 4
272 99 3
272 101 3
272 109 3
272 117 3
272 118 3
272 120 3
272 121 3
272 122 3
272 123 3
272 132 3
272 135 4
272 141 3
272 151 3
272 161 3
272 168 4
272 172 3
272 173 3
272 174 3
272 175 4
272 177 3
272 181 3
272 183 3
272 185 4
272 186 4
272 193 4
272 195 3
272 196 3
272 204 4
272 210 3
272 215 4
272 217 3
272 218 3
272 226 3
272 228 3
272 229 3
272 232 3
272 233 3
272 234 3
272 239 3
272 240 3
272 250 2
272 254 3
272 255 3
272 258 3
272 260 3
272 271 3
272 288 3
272 313 3
272 318 4
272 323 3
272 343 3
272 355 3
272 358 3
272 362 3
272 365 3
272 368 3
272 370 3
272 373 3
272 374 3
272 375 3
272 378 3
272 380 3
272 384 3
272 386 3
272 391 3
272 392 3
272 393 3
272 395 3
272 400 3
272 401 3
272 404 3
272 411 3
272 416 4
272 417 3
272 418 3
272 431 3
272 443 3
272 449 3
272 465 3
272 473 3
272 475 3
272 477 3
272 485 4
272 496 4
272 501 3
272 541 2
272 546 3
272 548 3
272 550 3
272 552 3
272 559 3
272 561 3
272 562 3
272 567 3
272 568 3
272 569 3
272 576 3
272 577 3
272 578 3
272 584 3
272 588 3
272 597 3
272 609 4
272 625 3
272 633 4
272 655 3
272 665 3
272 672 3
272 685 3
272 689 3
272 715 3
272 720 3
272 739 3
272 742 3
272 743 3
272 746 3
272 747 3
272 751 4
272 755 3
272 756 3
272 758 3
272 760 3
272 763 3
272 768 3
272 771 3
272 780 3
272 790 3
272 796 3
272 810 3
272 826 3
272 834 3
272 877 3
272 890 3
272 895 3
272 924 3
272 928 3
272 930 3
272 931 3
272 940 3
272 946 3
272 951 3
272 977 3
273 7 3
273 9 3
273 10 2
273 14 3
273 25 3
273 116 2
273 124 3
273 129 2
273 137 2
273 242 2
273 257 3
273 275 3
273 276 3
273 293 2
273 302 3
273 303 2
273 319 2
273 327 2
273 547 2
273 813 2
274 7 3
274 8 2
274 11 3
274 12 3
274 13 3
274 14 3
274 15 3
274 22 3
274 23 3
274 26 2
274 42 2
274 44 2
274 45 2
274 48 2
274 50 4
274 52 2
274 58 3
274 60 2
274 61 2
274 64 4
274 66 3
274 68 3
274 69 4
274 70 3
274 71 3
274 72 3
274 73 2
274 76 2
274 77 3
274 79 4
274 83 3
274 86 3
274 87 3
274 88 3
274 89 3
274 92 2
274 97 3
274 98 4
274 99 3
274 100 4
274 107 2
274 116 2
274 117 3
274 121 4
274 131 2
274 132 3
274 134 3
274 135 3
274 136 2
274 141 2
274 150 2
274 161 3
274 168 4
274 170 3
274 171 2
274 172 3
274 173 3
274 175 3
274 176 3
274 178 2
274 179 3
274 180 3
274 181 4
274 182 3
274 183 4
274 191 3
274 192 2
274 193 3
274 194 3
274 195 4
274 196 4
274 198 2
274 203 3
274 205 2
274 207 2
274 208 3
274 210 5
274 211 3
274 212 2
274 215 3
274 216 4
274 218 3
274 221 2
274 227 3
274 230 3
274 234 3
274 237 3
274 238 3
274 244 2
274 248 2
274 252 2
274 257 3
274 258 4
274 265 3
274 274 3
274 275 3
274 276 3
274 282 3
274 283 2
274 285 2
274 288 3
274 289 2
274 291 2
274 293 2
274 298 2
274 302 3
274 313 3
274 315 2
274 316 2
274 317 2
274 322 2
274 326 2
274 346 2
274 356 2
274 380 2
274 382 2
274 385 3
274 410 3
274 414 2
274 416 2
274 418 2
274 419 2
274 430 2
274 434 2
274 435 3
274 436 2
274 461 2
274 462 2
274 463 2
274 470 2
274 474 3
274 475 3
274 478 2
274 480 2
274 481 2
274 483 3
274 484 2
274 486 2
274 488 2
274 489 2
274 490 2
274 491 2
274 493 2
274 495 2
274 496 3
274 497 2
274 498 3
274 499 2
274 503 2
274 506 2
274 507 2
274 508 3
274 511 2
274 513 2
274 514 3
274 517 2
274 518 2
274 519 2
274 520 2
274 521 2
274 525 2
274 526 2
274 527 3
274 528 2
274 529 2
274 530 2
274 553 2
274 566 3
274 584 2
274 591 3
274 601 2
274 602 2
274 603 2
274 604 2
274 605 2
274 607 2
274 610 2
274 614 2
274 615 2
274 618 2
274 628 3
274 633 2
274 641 2
274 642 2
274 646 2
274 648 2
274 649 2
274 651 3
274 653 2
274 657 2
274 659 2
274 660 3
274 661 2
274 664 2
274 676 2
274 684 3
274 685 3
274 692 3
274 696 2
274 697 2
274 699 2
274 705 2
274 707 2
274 708 2
274 709 2
274 735 3
274 736 3
274 744 2
274 756 2
274 789 2
274 792 3
274 836 2
274 848 2
274 921 2
274 923 2
274 939 2
274 943 2
274 945 2
274 963 2
274 966 2
274 971 2
274 996 2
275 70 5
275 100 5
275 127 5
275 259 5
275 286 5
275 313 4
275 381 5
276 4 2
276 26 1
276 33 1
276 56 3
276 63 1
276 67 1
276 72 1
276 73 1
276 80 1
276 83 1
276 88 1
276 168 3
276 173 3
276 175 2
276 186 2
276 202 2
276 204 2
276 209 3
276 211 2
276 216 2
276 232 1
276 238 2
276 239 1
276 288 2
276 294 2
276 300 1
276 328 1
276 343 1
276 367 1
276 386 1
276 435 2
276 579 1
276 648 1
276 655 2
276 692 1
276 710 1
276 712 1
276 715 1
276 734 1
276 738 1
276 748 1
276 765 1
276 781 1
276 790 1
276 792 1
276 890 1
276 944 1
276 999 1
277 20 5
277 25 5
277 36 5
277 49 5
277 88 5
277 90 5
277 237 5
277 255 5
277 282 5
277 289 5
277 294 5
277 369 5
277 553 5
277 709 5
277 722 5
277 731 5
277 732 5
277 756 5
277 781 5
277 846 5
278 1 5
278 7 5
278 17 5
278 23 5
278 26 5
278 28 5
278 40 5
278 42 5
278 48 5
278 50 5
278 65 5
278 69 5
278 72 5
278 77 5
278 79 5
278 81 5
278 93 5
278 98 5
278 111 5
278 122 5
278 134 5
278 143 5
278 145 5
278 151 5
278 160 5
278 161 5
278 188 5
278 196 5
278 216 5
278 218 5
278 219 5
278 222 5
278 231 5
278 237 5
278 238 5
278 255 5
278 276 5
278 282 5
278 288 5
278 300 5
278 318 5
278 327 5
278 340 5
278 350 5
278 354 5
278 357 5
278 367 5
278 369 5
278 381 5
278 392 5
278 403 5
278 410 5
278 412 5
278 427 5
278 447 5
278 451 5
278 467 5
278 469 5
278 518 5
278 568 5
278 591 5
278 604 5
278 616 5
278 655 5
278 658 5
278 673 5
278 684 5
278 743 5
278 763 5
278 843 5
278 866 5
278 959 5
278 975 5
279 1 3
279 8 3
279 24 3
279 28 3
279 31 3
279 50 4
279 54 3
279 55 3
279 58 3
279 66 4
279 70 4
279 71 4
279 79 3
279 82 3
279 88 3
279 89 3
279 95 3
279 96 3
279 97 4
279 100 3
279 101 3
279 108 3
279 111 3
279 117 3
279 118 3
279 121 3
279 122 3
279 127 3
279 133 4
279 135 4
279 144 3
279 147 3
279 148 3
279 153 4
279 161 3
279 164 3
279 168 4
279 172 3
279 173 3
279 174 3
279 175 3
279 176 3
279 177 3
279 179 3
279 180 3
279 181 3
279 182 3
279 183 3
279 185 3
279 187 3
279 188 3
279 189 3
279 190 3
279 195 3
279 197 4
279 198 3
279 201 3
279 204 4
279 209 3
279 210 4
279 211 3
279 213 3
279 215 4
279 216 4
279 228 3
279 230 3
279 241 3
279 248 3
279 249 3
279 255 3
279 257 3
279 258 3
279 261 3
279 264 3
279 265 3
279 266 3
279 270 3
279 272 3
279 274 4
279 281 3
279 282 3
279 286 3
279 288 3
279 294 3
279 295 3
279 298 3
279 300 4
279 304 3
279 325 2
279 328 3
279 356 3
279 358 3
279 380 3
279 385 3
279 398 3
279 405 4
279 421 3
279 422 3
279 423 4
279 436 3
279 455 3
279 463 3
279 472 3
279 479 3
279 483 4
279 489 3
279 510 3
279 511 3
279 523 4
279 526 3
279 528 3
279 535 3
279 546 3
279 566 3
279 588 4
279 602 3
279 604 3
279 616 3
279 629 3
279 632 3
279 640 3
279 651 3
279 655 4
279 680 3
279 688 3
279 692 3
279 727 3
279 732 4
279 739 3
279 748 3
279 751 3
279 752 3
279 840 3
279 879 3
279 931 3
279 945 3
280 8 2
280 12 3
280 64 3
280 89 3
280 96 3
280 100 2
280 114 2
280 127 2
280 165 2
280 172 3
280 174 3
280 175 3
280 183 3
280 190 2
280 191 3
280 213 2
280 234 3
280 237 2
280 257 2
280 258 2
280 265 3
280 272 2
280 298 1
280 347 2
280 462 2
280 479 2
280 483 3
280 504 2
280 510 3
280 511 2
280 517 2
280 603 2
280 615 2
280 642 2
280 661 2
280 705 2
280 863 1
281 4 5
281 42 5
281 50 4
281 66 5
281 70 5
281 86 5
281 100 5
281 153 5
281 163 5
281 173 5
281 190 5
281 197 5
281 204 5
281 207 5
281 210 5
281 216 5
281 283 5
281 313 5
281 318 5
281 322 5
281 367 5
281 427 5
281 430 5
281 479 5
281 484 5
281 505 5
281 507 5
281 524 5
281 648 5
281 650 5
281 659 5
281 678 5
281 692 5
281 780 5
282 127 4
282 257 4
282 269 4
282 288 3
282 295 3
282 298 3
282 311 3
282 315 4
282 346 3
282 876 3
282 881 3
282 988 3
283 1 2
283 12 2
283 20 1
283 99 1
283 107 1
283 109 1
283 116 1
283 121 2
283 151 2
283 180 2
283 195 2
283 197 2
283 199 2
283 229 1
283 230 1
283 250 1
283 257 1
283 270 1
283 271 1
283 274 1
283 275 1
283 277 1
283 286 2
283 290 1
283 313 1
283 318 2
283 365 1
283 380 1
283 405 1
283 449 1
283 450 1
283 462 2
283 480 2
283 538 1
283 582 2
283 612 1
283 743 1
283 900 1
284 1 4
284 7 4
284 9 5
284 15 4
284 24 4
284 25 4
284 28 5
284 29 5
284 50 5
284 51 5
284 53 5
284 56 5
284 69 5
284 70 5
284 71 5
284 73 5
284 79 5
284 82 5
284 94 5
284 96 5
284 97 5
284 98 5
284 111 4
284 122 4
284 135 5
284 136 5
284 141 5
284 143 5
284 144 5
284 150 4
284 151 4
284 168 5
284 173 5
284 174 5
284 181 5
284 195 5
284 202 5
284 204 5
284 216 5
284 222 5
284 227 5
284 229 5
284 234 5
284 235 5
284 237 4
284 248 4
284 250 4
284 252 4
284 255 4
284 257 4
284 258 5
284 274 4
284 275 4
284 293 4
284 294 4
284 300 5
284 313 4
284 315 5
284 318 5
284 343 5
284 385 5
284 392 5
284 399 5
284 405 4
284 419 5
284 422 5
284 427 5
284 431 5
284 449 5
284 451 5
284 463 5
284 472 5
284 510 5
284 550 5
284 554 5
284 560 5
284 562 5
284 568 5
284 578 5
284 588 5
284 597 5
284 625 5
284 651 5
284 655 5
284 665 5
284 679 5
284 692 5
284 699 5
284 746 5
284 778 5
284 823 5
284 829 4
284 849 5
284 879 5
284 924 5
284 926 4
285 288 2
285 289 3
285 303 2
285 307 2
285 313 3
285 319 3
285 321 3
285 326 3
285 330 2
285 347 3
285 748 2
286 1 2
286 3 1
286 7 4
286 10 1
286 13 2
286 14 1
286 15 2
286 93 1
286 109 1
286 111 2
286 121 2
286 123 1
286 124 2
286 125 2
286 127 2
286 129 1
286 137 1
286 146 1
286 147 1
286 150 1
286 151 2
286 181 2
286 220 1
286 221 1
286 235 1
286 236 1
286 237 2
286 245 1
286 248 1
286 250 1
286 255 1
286 257 1
286 258 2
286 262 1
286 264 1
286 270 1
286 273 1
286 275 1
286 276 2
286 277 1
286 280 1
286 282 2
286 284 1
286 285 1
286 286 2
286 287 1
286 295 1
286 298 1
286 299 1
286 300 1
286 305 1
286 319 1
286 321 1
286 322 1
286 327 1
286 331 1
286 332 1
286 333 1
286 460 1
286 471 1
286 475 2
286 476 1
286 508 2
286 591 1
286 595 1
286 597 1
286 620 1
286 628 1
286 678 1
286 689 1
286 690 1
286 696 1
286 717 1
286 718 1
286 742 2
286 748 1
286 762 1
286 766 1
286 818 1
286 823 1
286 846 1
286 864 1
286 872 1
286 874 1
286 879 1
286 880 1
286 882 1
286 886 1
286 887 1
286 924 1
286 935 1
286 936 1
286 975 1
286 994 1
286 995 1
287 1 3
287 2 1
287 3 1
287 4 1
287 12 2
287 17 1
287 25 2
287 28 1
287 31 1
287 38 1
287 42 1
287 43 1
287 45 1
287 48 1
287 49 1
287 50 3
287 55 1
287 58 1
287 66 1
287 68 1
287 69 2
287 71 2
287 73 1
287 76 1
287 77 1
287 79 2
287 81 1
287 82 2
287 87 1
287 88 1
287 92 1
287 95 2
287 96 2
287 97 2
287 99 2
287 100 2
287 111 2
287 117 2
287 121 2
287 125 2
287 128 1
287 133 1
287 136 1
287 140 1
287 143 1
287 144 1
287 150 1
287 160 1
287 161 2
287 172 1
287 174 2
287 176 1
287 179 1
287 181 2
287 183 2
287 188 1
287 191 2
287 194 1
287 195 2
287 196 1
287 202 2
287 206 1
287 215 1
287 216 2
287 218 1
287 222 2
287 226 1
287 227 1
287 230 1
287 232 1
287 237 2
287 239 1
287 249 1
287 252 1
287 255 1
287 257 1
287 258 2
287 259 1
287 260 1
287 265 1
287 270 1
287 272 1
287 273 1
287 276 1
287 280 1
287 282 1
287 286 2
287 288 1
287 289 1
287 293 1
287 294 1
287 298 1
287 300 2
287 318 2
287 333 1
287 347 1
287 356 1
287 366 1
287 367 1
287 378 1
287 402 1
287 411 1
287 412 1
287 423 2
287 432 1
287 455 1
287 462 1
287 470 1
287 471 1
287 474 1
287 501 1
287 540 1
287 541 1
287 546 2
287 549 1
287 550 1
287 566 1
287 572 1
287 578 1
287 588 2
287 591 1
287 596 1
287 597 1
287 620 1
287 627 1
287 628 1
287 651 1
287 652 1
287 658 1
287 672 1
287 679 1
287 684 1
287 685 1
287 686 1
287 692 1
287 710 1
287 713 1
287 727 1
287 732 1
287 735 1
287 739 1
287 742 2
287 747 1
287 748 1
287 768 1
287 772 1
287 779 1
287 781 1
287 790 1
287 794 1
287 820 1
287 823 1
287 833 1
287 845 1
287 921 1
287 932 1
287 939 1
287 941 1
287 955 1
287 956 1
287 978 1
288 1 3
288 8 2
288 9 3
288 11 2
288 22 3
288 28 3
288 33 2
288 58 3
288 64 4
288 69 3
288 70 3
288 83 3
288 87 3
288 96 3
288 98 3
288 111 3
288 133 3
288 135 3
288 154 3
288 164 2
288 168 3
288 172 3
288 173 3
288 176 3
288 180 3
288 181 3
288 182 3
288 183 3
288 185 2
288 186 3
288 190 3
288 196 3
288 198 3
288 199 3
288 200 2
288 203 3
288 207 2
288 208 3
288 210 3
288 211 2
288 222 2
288 228 3
288 230 3
288 238 3
288 243 2
288 245 2
288 258 2
288 260 1
288 265 3
288 269 2
288 289 2
288 292 2
288 299 2
288 304 2
288 318 3
288 328 1
288 333 2
288 357 3
288 358 2
288 385 3
288 405 2
288 414 2
288 419 2
288 429 2
288 434 2
288 468 2
288 474 3
288 480 3
288 485 3
288 491 3
288 493 2
288 496 3
288 498 3
288 500 2
288 510 3
288 511 3
288 514 3
288 515 2
288 520 3
288 521 3
288 523 3
288 526 3
288 527 3
288 568 3
288 605 2
288 612 2
288 655 3
288 659 3
288 662 2
288 692 3
288 707 2
288 724 2
288 732 2
288 748 2
288 776 2
288 845 3
288 880 2
288 890 2
289 243 5
289 258 4
289 259 5
289 260 5
289 261 5
289 263 5
289 264 5
289 266 5
289 268 4
289 270 5
289 271 5
289 272 5
289 286 4
289 288 5
289 289 4
289 292 5
289 294 4
289 301 4
289 302 4
289 303 5
289 308 5
289 310 5
289 313 4
289 315 5
289 316 4
289 321 5
289 324 5
289 325 5
289 326 5
289 327 5
289 330 5
289 331 5
289 332 5
289 333 5
289 334 5
289 339 5
289 340 5
289 342 5
289 343 5
289 349 5
289 353 5
289 355 5
289 358 5
289 457 5
289 538 5
289 539 5
289 678 5
289 681 5
289 682 5
289 687 5
289 689 5
289 750 5
289 751 5
289 752 5
289 872 5
289 873 5
289 874 5
289 875 5
289 881 5
289 883 5
289 887 5
289 890 5
289 892 5
289 902 5
289 908 5
289 948 5
289 988 5
289 989 5
289 991 5
290 1 5
290 7 5
290 9 5
290 15 5
290 50 4
290 93 5
290 117 5
290 124 5
290 126 5
290 127 5
290 150 5
290 151 5
290 181 5
290 224 5
290 237 5
290 246 5
290 257 5
290 258 5
290 273 5
290 277 5
290 284 5
290 286 5
290 292 5
290 293 5
290 298 5
290 302 5
290 333 5
290 410 5
290 475 5
290 515 5
290 596 5
290 764 5
290 847 5
290 919 5
290 926 5
290 993 5
291 7 1
291 19 1
291 45 1
291 100 2
291 124 1
291 129 1
291 236 1
291 237 2
291 258 2
291 273 1
291 286 3
291 340 1
291 475 1
291 657 1
291 900 1
292 45 5
292 56 4
292 64 4
292 69 4
292 83 4
292 97 5
292 100 4
292 124 5
292 127 4
292 134 4
292 137 5
292 185 5
292 186 4
292 187 5
292 192 5
292 193 5
292 205 5
292 221 5
292 242 5
292 285 5
292 286 5
292 318 4
292 479 5
292 482 5
292 483 4
292 492 5
292 511 5
292 523 5
292 527 5
292 531 5
292 654 5
292 657 5
292 772 5
292 923 5
293 1 4
293 7 3
293 11 3
293 12 2
293 22 3
293 24 3
293 48 2
293 50 3
293 56 3
293 59 2
293 60 2
293 61 2
293 65 2
293 69 3
293 71 2
293 79 3
293 82 3
293 91 2
293 95 2
293 96 3
293 98 3
293 100 3
293 115 2
293 117 4
293 118 3
293 121 3
293 124 2
293 127 3
293 150 2
293 156 2
293 168 2
293 171 2
293 172 3
293 173 3
293 174 3
293 175 2
293 176 3
293 180 2
293 181 3
293 182 2
293 183 3
293 188 2
293 191 2
293 192 2
293 195 3
293 196 3
293 201 2
293 209 2
293 210 3
293 222 3
293 234 2
293 235 3
293 238 2
293 239 2
293 250 3
293 252 3
293 257 3
293 258 3
293 260 2
293 264 2
293 265 2
293 271 2
293 273 3
293 275 3
293 284 3
293 288 3
293 298 2
293 300 3
293 318 2
293 323 3
293 327 2
293 328 3
293 343 2
293 357 2
293 369 2
293 405 4
293 411 3
293 423 3
293 431 2
293 455 2
293 462 2
293 475 3
293 483 2
293 527 2
293 528 2
293 546 3
293 550 2
293 597 3
293 647 2
293 652 2
293 684 2
293 687 2
293 693 2
293 742 4
293 746 2
293 751 2
293 754 2
293 762 2
293 763 3
293 876 2
293 886 2
293 890 2
293 925 2
294 1 4
294 9 5
294 15 5
294 64 5
294 65 4
294 86 5
294 98 5
294 100 5
294 126 4
294 174 4
294 183 4
294 191 5
294 194 5
294 222 4
294 237 4
294 286 4
294 289 3
294 294 3
294 322 3
294 357 5
294 479 4
294 507 4
294 528 5
294 748 4
294 924 4
295 2 5
295 4 5
295 11 5
295 29 5
295 44 5
295 50 4
295 53 5
295 54 5
295 56 5
295 62 5
295 64 5
295 68 5
295 69 5
295 71 5
295 79 4
295 84 5
295 86 5
295 88 5
295 89 4
295 90 5
295 91 5
295 94 5
295 95 5
295 98 4
295 101 5
295 109 5
295 120 5
295 127 5
295 132 5
295 133 5
295 139 5
295 140 5
295 144 3
295 145 5
295 147 5
295 153 4
295 155 5
295 157 5
295 158 5
295 161 5
295 162 5
295 163 5
295 167 5
295 168 5
295 172 4
295 173 4
295 174 4
295 176 4
295 179 5
295 181 4
295 184 5
295 186 5
295 188 5
295 191 5
295 195 4
295 200 5
295 201 5
295 202 5
295 214 5
295 216 5
295 217 5
295 219 5
295 222 5
295 226 5
295 227 5
295 228 5
295 229 5
295 230 5
295 231 5
295 232 5
295 234 5
295 235 5
295 265 5
295 282 5
295 288 5
295 357 5
295 379 5
295 380 5
295 385 5
295 386 5
295 389 5
295 391 5
295 392 5
295 395 5
295 402 5
295 403 5
295 404 5
295 413 5
295 416 5
295 417 5
295 421 5
295 423 5
295 431 5
295 433 5
295 435 5
295 444 5
295 447 5
295 449 5
295 452 5
295 465 5
295 470 5
295 472 5
295 478 5
295 479 5
295 496 5
295 501 5
295 504 5
295 505 5
295 507 5
295 523 5
295 550 5
295 559 5
295 566 5
295 575 5
295 581 5
295 616 5
295 622 5
295 629 5
295 642 5
295 650 5
295 658 5
295 660 5
295 665 5
295 671 5
295 674 5
295 679 5
295 684 5
295 705 5
295 732 5
295 742 5
295 768 5
295 770 5
295 790 5
295 796 5
295 797 5
295 831 5
295 843 5
295 924 5
295 944 5
296 7 5
296 10 5
296 17 5
296 33 5
296 38 5
296 39 5
296 42 5
296 50 5
296 53 5
296 56 4
296 64 5
296 77 5
296 87 5
296 96 5
296 97 5
296 98 5
296 99 5
296 109 5
296 132 5
296 133 5
296 135 5
296 136 5
296 141 5
296 142 5
296 143 5
296 147 5
296 150 5
296 154 5
296 156 5
296 158 5
296 164 5
296 172 5
296 173 5
296 181 5
296 183 5
296 186 5
296 204 5
296 222 5
296 227 5
296 228 5
296 229 5
296 246 5
296 268 5
296 288 5
296 318 5
296 356 5
296 378 5
296 380 5
296 393 5
296 417 5
296 418 5
296 420 5
296 421 5
296 433 5
296 469 5
296 480 5
296 484 5
296 485 5
296 509 5
296 526 5
296 528 5
296 532 5
296 554 5
296 561 5
296 607 5
296 625 5
296 633 5
296 727 5
296 743 5
296 746 5
296 774 5
296 825 5
296 921 5
297 1 3
297 2 2
297 3 1
297 11 2
297 12 3
297 13 2
297 19 2
297 24 2
297 25 2
297 28 3
297 31 2
297 38 1
297 39 2
297 54 2
297 56 3
297 66 3
297 67 2
297 70 3
297 71 3
297 72 2
297 77 2
297 79 3
297 80 2
297 87 3
297 89 3
297 94 2
297 95 3
297 96 3
297 97 3
297 98 3
297 99 3
297 100 2
297 101 2
297 105 1
297 108 1
297 109 2
297 114 2
297 118 2
297 122 2
297 127 3
297 139 2
297 145 2
297 152 2
297 153 3
297 155 2
297 161 3
297 163 2
297 164 2
297 167 2
297 168 3
297 173 3
297 174 3
297 175 3
297 181 3
297 183 3
297 185 2
297 186 3
297 187 2
297 188 2
297 189 2
297 194 3
297 195 3
297 197 3
297 202 3
297 204 4
297 208 3
297 217 2
297 222 3
297 225 2
297 227 2
297 228 3
297 229 2
297 230 2
297 233 2
297 234 3
297 240 1
297 242 1
297 248 2
297 250 2
297 252 2
297 257 2
297 258 2
297 260 1
297 268 2
297 273 2
297 274 3
297 288 2
297 291 2
297 325 1
297 358 1
297 363 2
297 364 2
297 373 2
297 381 3
297 382 2
297 384 2
297 385 2
297 386 2
297 393 3
297 395 2
297 399 2
297 403 2
297 405 3
297 407 1
297 408 2
297 412 2
297 418 2
297 423 3
297 431 2
297 432 3
297 451 3
297 452 2
297 455 2
297 465 2
297 472 2
297 475 2
297 501 2
297 508 2
297 510 2
297 526 2
297 540 2
297 545 1
297 549 2
297 550 2
297 552 1
297 559 2
297 562 2
297 566 2
297 568 3
297 570 2
297 575 2
297 577 2
297 578 2
297 588 3
297 590 1
297 597 2
297 603 2
297 625 2
297 627 2
297 645 2
297 651 3
297 652 2
297 655 3
297 657 2
297 679 2
297 692 3
297 716 2
297 721 1
297 722 2
297 724 2
297 731 1
297 741 2
297 748 2
297 758 1
297 765 1
297 771 2
297 780 2
297 781 2
297 783 2
297 790 2
297 792 3
297 797 2
297 802 2
297 808 1
297 809 2
297 810 1
297 840 2
297 849 2
297 864 2
297 940 1
297 943 1
297 1000 1
298 10 3
298 11 2
298 12 3
298 23 3
298 32 2
298 50 4
298 53 2
298 54 2
298 56 3
298 59 3
298 61 2
298 79 3
298 83 2
298 89 4
298 98 3
298 121 2
298 124 3
298 127 4
298 136 3
298 137 3
298 144 2
298 150 2
298 151 2
298 156 3
298 160 2
298 164 2
298 168 2
298 171 2
298 172 3
298 175 3
298 176 3
298 182 3
298 183 3
298 186 3
298 187 3
298 191 3
298 192 3
298 197 3
298 202 3
298 203 3
298 204 3
298 210 3
298 218 3
298 222 2
298 228 2
298 229 3
298 258 3
298 262 2
298 271 2
298 275 3
298 288 2
298 293 2
298 302 2
298 340 3
298 381 2
298 425 2
298 435 3
298 443 3
298 447 3
298 448 2
298 449 2
298 464 2
298 474 3
298 475 2
298 483 3
298 484 3
298 486 2
298 489 3
298 512 2
298 515 4
298 522 2
298 525 2
298 548 2
298 554 2
298 558 2
298 594 2
298 607 2
298 628 2
298 631 3
298 649 2
298 652 3
298 656 2
298 664 2
298 675 2
298 693 2
298 754 2
298 772 2
298 806 2
298 887 2
298 919 2
298 922 2
298 933 2
298 985 2
299 7 3
299 8 3
299 11 3
299 12 4
299 50 4
299 69 3
299 87 4
299 97 4
299 117 3
299 132 4
299 153 3
299 157 3
299 176 2
299 177 3
299 181 3
299 182 3
299 183 3
299 191 4
299 193 4
299 194 4
299 198 4
299 202 3
299 207 4
299 210 3
299 213 4
299 215 3
299 238 4
299 251 4
299 271 4
299 272 4
299 275 4
299 295 4
299 300 4
299 301 4
299 312 4
299 313 4
299 318 4
299 326 4
299 357 4
299 414 4
299 425 4
299 427 4
299 463 4
299 474 4
299 482 4
299 483 4
299 484 4
299 486 4
299 497 4
299 511 4
299 514 4
299 516 4
299 520 4
299 521 4
299 530 4
299 539 4
299 605 4
299 651 3
299 657 4
299 661 4
299 663 4
299 690 4
299 692 4
299 742 3
299 750 4
299 879 4
299 886 4
299 887 4
299 902 4
300 1 5
300 3 5
300 8 5
300 9 5
300 15 5
300 25 5
300 28 5
300 30 5
300 39 5
300 42 5
300 43 5
300 44 5
300 45 5
300 50 5
300 56 5
300 58 5
300 59 5
300 61 5
300 62 5
300 69 5
300 70 5
300 72 5
300 77 5
300 83 5
300 88 5
300 89 5
300 94 5
300 97 5
300 98 5
300 100 5
300 116 5
300 118 5
300 120 5
300 125 5
300 129 5
300 133 5
300 135 5
300 143 5
300 147 5
300 159 5
300 164 5
300 172 5
300 175 5
300 179 5
300 181 5
300 196 5
300 204 5
300 208 5
300 210 5
300 211 5
300 216 5
300 217 5
300 223 5
300 234 5
300 235 5
300 238 5
300 244 5
300 245 5
300 246 5
300 250 5
300 252 5
300 255 5
300 257 5
300 268 5
300 274 5
300 275 5
300 276 5
300 281 5
300 282 5
300 283 5
300 284 5
300 285 5
300 287 5
300 294 5
300 298 5
300 300 5
300 301 5
300 304 5
300 316 5
300 319 5
300 325 5
300 381 5
300 386 5
300 387 5
300 393 5
300 396 5
300 405 5
300 407 5
300 412 5
300 421 5
300 448 5
300 464 5
300 469 5
300 471 5
300 472 5
300 475 5
300 476 5
300 479 5
300 498 5
300 509 5
300 514 5
300 517 5
300 522 5
300 529 5
300 531 5
300 535 5
300 553 5
300 559 5
300 568 5
300 569 5
300 584 5
300 611 5
300 619 5
300 639 5
300 640 5
300 660 5
300 662 5
300 665 5
300 699 5
300 709 5
300 714 5
300 721 5
300 729 5
300 735 5
300 739 5
300 742 5
300 762 5
300 768 5
300 775 5
300 780 5
300 781 5
300 815 5
300 821 5
300 827 5
300 836 5
300 845 5
300 930 5
300 964 5
300 971 5
300 988 5
300 996 5