201 1 5
201 111 5
201 268 5
201 283 5
201 291 5
201 305 5
201 331 5
201 740 5
202 259 4
202 292 4
202 682 4
202 872 4
202 877 4
202 880 4
202 887 4
202 895 4
202 948 4
203 7 2
203 9 2
203 100 2
203 106 1
203 111 2
203 117 2
203 118 2
203 121 2
203 123 1
203 129 1
203 148 1
203 181 2
203 222 2
203 235 1
203 274 1
203 276 2
203 284 1
203 291 1
203 370 1
203 410 1
203 471 1
203 472 1
203 515 2
203 546 1
203 597 2
203 685 1
203 748 2
203 845 2
203 864 1
203 866 1
203 925 1
203 928 1
204 22 5
204 66 5
204 243 5
204 245 5
204 258 5
204 259 5
204 269 5
204 270 5
204 289 5
204 300 5
204 307 5
204 310 5
204 313 5
204 323 5
204 327 5
204 331 5
204 333 5
204 342 5
204 343 5
204 348 5
204 678 5
204 683 5
204 687 5
204 689 5
204 690 5
204 748 5
204 754 5
204 879 5
204 892 5
204 901 5
205 2 1
205 5 1
205 8 1
205 11 1
205 12 1
205 22 1
205 23 1
205 28 2
205 29 1
205 30 1
205 31 1
205 32 1
205 33 1
205 37 1
205 38 1
205 39 1
205 40 1
205 41 1
205 42 1
205 43 1
205 45 1
205 47 1
205 48 1
205 49 1
205 50 2
205 51 1
205 52 1
205 53 1
205 55 1
205 56 1
205 57 1
205 58 1
205 60 1
205 61 1
205 62 1
205 63 1
205 64 2
205 66 1
205 67 1
205 68 1
205 70 1
205 71 2
205 72 1
205 73 1
205 75 1
205 76 1
205 77 1
205 78 1
205 80 1
205 81 1
205 82 1
205 83 1
205 85 1
205 87 1
205 88 1
205 90 1
205 91 1
205 92 1
205 94 1
205 96 1
205 97 1
205 98 2
205 101 1
205 102 1
205 127 1
205 132 2
205 135 1
205 139 1
205 141 1
205 142 1
205 149 1
205 161 1
205 168 1
205 169 1
205 172 1
205 173 2
205 175 1
205 178 1
205 179 1
205 180 1
205 183 1
205 184 1
205 185 1
205 186 1
205 188 1
205 189 1
205 190 1
205 191 2
205 192 1
205 193 1
205 195 1
205 197 2
205 198 1
205 199 1
205 200 1
205 202 1
205 204 2
205 206 1
205 207 1
205 208 1
205 210 1
205 211 1
205 212 1
205 214 1
205 215 1
205 216 2
205 217 1
205 218 1
205 219 1
205 226 1
205 227 1
205 228 1
205 229 1
205 230 1
205 231 1
205 232 1
205 233 1
205 234 2
205 238 1
205 239 1
205 265 1
205 288 1
205 302 1
205 308 1
205 317 1
205 318 1
205 347 1
205 350 1
205 351 1
205 356 1
205 361 1
205 364 1
205 365 1
205 366 1
205 367 1
205 371 1
205 374 1
205 376 1
205 377 1
205 379 1
205 383 1
205 384 1
205 386 1
205 387 1
205 388 1
205 391 1
205 393 1
205 395 1
205 396 1
205 397 1
205 399 1
205 400 1
205 402 1
205 403 1
205 404 1
205 414 1
205 415 1
205 416 1
205 417 1
205 419 1
205 420 1
205 421 1
205 422 1
205 423 2
205 426 1
205 427 2
205 430 1
205 431 1
205 433 1
205 434 1
205 437 1
205 438 1
205 439 1
205 440 1
205 441 1
205 442 1
205 444 1
205 446 1
205 447 1
205 448 1
205 449 1
205 450 1
205 451 1
205 452 1
205 453 1
205 461 1
205 462 1
205 463 1
205 464 1
205 465 1
205 467 1
205 469 1
205 470 1
205 480 1
205 482 1
205 501 1
205 504 1
205 509 1
205 510 1
205 511 1
205 514 1
205 515 1
205 516 1
205 517 1
205 518 1
205 519 1
205 520 1
205 521 1
205 522 1
205 523 1
205 524 1
205 525 1
205 526 1
205 527 1
205 528 1
205 529 1
205 530 1
205 536 1
205 537 1
205 540 1
205 541 1
205 543 1
205 545 1
205 548 1
205 549 1
205 551 1
205 552 1
205 553 1
205 555 1
205 556 1
205 557 1
205 558 1
205 559 1
205 560 1
205 561 1
205 562 1
205 563 1
205 564 1
205 565 1
205 566 1
205 567 1
205 568 1
205 569 1
205 570 1
205 573 1
205 574 1
205 575 1
205 577 1
205 578 1
205 579 1
205 580 1
205 581 1
205 583 1
205 584 1
205 585 1
205 586 1
205 588 2
205 592 1
205 593 1
205 603 1
205 606 1
205 622 1
205 623 1
205 624 1
205 625 1
205 626 1
205 627 1
205 639 1
205 642 1
205 643 1
205 644 1
205 645 1
205 647 1
205 648 1
205 649 1
205 650 1
205 651 1
205 652 1
205 653 1
205 654 1
205 655 1
205 656 1
205 659 1
205 661 1
205 662 1
205 664 1
205 666 1
205 667 1
205 669 1
205 670 1
205 671 1
205 673 1
205 674 1
205 675 1
205 679 1
205 684 1
205 692 1
205 693 1
205 694 1
205 695 1
205 697 1
205 699 1
205 700 1
205 702 1
205 707 1
205 708 1
205 710 1
205 712 1
205 714 1
205 715 1
205 716 1
205 719 1
205 720 1
205 721 1
205 722 1
205 723 1
205 726 1
205 727 1
205 728 1
205 729 1
205 731 1
205 732 1
205 734 1
205 736 1
205 739 1
205 745 1
205 746 1
205 747 1
205 753 1
205 755 1
205 759 1
205 761 1
205 765 1
205 768 1
205 769 1
205 770 1
205 771 1
205 772 1
205 773 1
205 774 1
205 775 1
205 776 1
205 777 1
205 778 1
205 779 1
205 780 1
205 782 1
205 783 1
205 784 1
205 785 1
205 786 1
205 787 1
205 788 1
205 789 1
205 790 1
205 791 1
205 793 1
205 794 1
205 795 1
205 796 1
205 798 1
205 802 1
205 807 1
205 808 1
205 810 1
205 812 1
205 816 1
205 842 1
205 843 1
205 849 1
205 851 1
205 853 1
205 854 1
205 855 1
205 858 1
205 859 1
205 860 1
205 861 1
205 904 1
205 921 1
205 939 1
205 941 1
205 943 1
205 944 1
205 946 1
205 947 1
205 949 1
205 951 1
205 953 1
205 955 1
205 956 1
205 957 1
205 959 1
205 960 1
205 964 1
205 969 1
205 971 1
205 994 1
205 996 1
205 997 1
205 999 1
206 1 2
206 3 1
206 4 1
206 5 1
206 7 1
206 8 2
206 10 1
206 11 1
206 12 1
206 13 1
206 14 2
206 15 1
206 20 1
206 22 1
206 24 1
206 25 1
206 28 1
206 30 1
206 32 1
206 39 1
206 40 1
206 42 1
206 47 1
206 48 1
206 50 3
206 52 1
206 58 1
206 63 1
206 64 2
206 69 1
206 71 1
206 72 1
206 79 2
206 85 1
206 86 1
206 87 1
206 89 2
206 92 1
206 93 1
206 96 1
206 99 2
206 115 1
206 117 1
206 121 1
206 123 1
206 125 1
206 127 2
206 129 1
206 131 1
206 132 2
206 133 2
206 134 2
206 135 2
206 136 2
206 143 2
206 148 1
206 151 1
206 152 1
206 153 2
206 156 1
206 158 1
206 164 1
206 168 2
206 170 2
206 172 1
206 173 2
206 174 2
206 175 2
206 179 1
206 181 2
206 182 2
206 183 2
206 186 1
206 187 2
206 188 1
206 190 2
206 191 2
206 194 2
206 195 2
206 196 1
206 198 1
206 199 1
206 202 1
206 203 1
206 204 1
206 206 1
206 209 2
206 211 2
206 212 1
206 213 2
206 215 1
206 218 1
206 219 1
206 220 1
206 222 1
206 228 1
206 234 1
206 235 1
206 237 1
206 238 2
206 239 1
206 240 1
206 274 1
206 275 2
206 276 1
206 277 1
206 284 1
206 289 1
206 317 1
206 318 2
206 357 2
206 368 1
206 381 1
206 396 1
206 404 1
206 405 1
206 410 1
206 411 1
206 414 1
206 418 1
206 419 1
206 420 1
206 421 1
206 427 2
206 428 1
206 429 1
206 430 1
206 431 1
206 434 1
206 435 2
206 436 1
206 443 1
206 447 1
206 451 1
206 452 1
206 453 1
206 461 1
206 463 1
206 468 1
206 469 1
206 474 2
206 476 1
206 479 1
206 480 2
206 481 1
206 482 1
206 485 2
206 487 1
206 488 1
206 490 1
206 496 2
206 498 2
206 499 1
206 501 1
206 503 1
206 504 1
206 505 1
206 507 1
206 508 1
206 509 1
206 511 1
206 514 2
206 515 1
206 517 1
206 519 1
206 520 1
206 523 1
206 524 1
206 526 1
206 527 1
206 528 2
206 529 1
206 543 1
206 559 1
206 561 1
206 573 1
206 582 1
206 588 2
206 589 1
206 591 1
206 596 1
206 605 1
206 606 1
206 607 1
206 608 1
206 610 1
206 611 1
206 612 1
206 624 1
206 632 1
206 633 1
206 634 1
206 638 1
206 639 1
206 640 1
206 641 1
206 642 1
206 645 1
206 647 1
206 651 1
206 652 1
206 655 2
206 662 1
206 663 1
206 664 1
206 665 1
206 672 1
206 675 1
206 692 1
206 693 1
206 699 1
206 701 1
206 705 1
206 712 1
206 713 1
206 715 1
206 727 1
206 732 1
206 735 1
206 737 1
206 745 1
206 746 1
206 747 1
206 756 1
206 772 1
206 787 1
206 813 1
206 823 1
206 825 1
206 826 1
206 831 1
206 845 1
206 919 1
206 921 1
206 923 1
206 942 1
206 960 1
206 962 1
207 1 5
207 2 5
207 4 5
207 8 5
207 25 5
207 28 5
207 29 5
207 40 5
207 45 5
207 50 5
207 56 5
207 62 5
207 68 5
207 69 5
207 70 5
207 82 5
207 88 5
207 89 5
207 91 5
207 96 5
207 97 5
207 98 5
207 99 5
207 100 5
207 117 5
207 118 5
207 123 5
207 127 5
207 132 5
207 135 5
207 143 5
207 144 5
207 147 5
207 157 5
207 158 5
207 159 5
207 161 5
207 163 5
207 172 5
207 173 5
207 174 5
207 177 5
207 179 5
207 180 5
207 181 5
207 182 5
207 183 5
207 185 5
207 186 5
207 188 5
207 193 5
207 194 5
207 196 5
207 197 5
207 200 5
207 201 5
207 202 5
207 203 5
207 205 5
207 208 5
207 209 5
207 211 5
207 214 5
207 215 5
207 216 5
207 217 5
207 218 5
207 222 5
207 223 5
207 226 5
207 227 5
207 228 5
207 229 5
207 230 5
207 231 5
207 232 5
207 235 5
207 238 5
207 239 5
207 244 5
207 248 5
207 249 5
207 250 5
207 255 5
207 257 5
207 265 5
207 269 5
207 274 5
207 286 5
207 289 5
207 290 5
207 291 5
207 313 5
207 316 5
207 345 5
207 357 5
207 371 5
207 382 5
207 385 5
207 393 5
207 399 5
207 400 5
207 405 5
207 416 5
207 418 5
207 423 5
207 427 5
207 428 5
207 432 5
207 433 5
207 436 5
207 447 5
207 448 5
207 449 5
207 455 5
207 466 5
207 476 5
207 478 5
207 479 5
207 483 5
207 484 5
207 493 5
207 496 5
207 502 5
207 508 5
207 510 5
207 514 5
207 519 5
207 521 5
207 525 5
207 559 5
207 561 5
207 565 5
207 588 5
207 603 5
207 616 5
207 629 5
207 635 5
207 642 5
207 648 5
207 656 5
207 657 5
207 660 5
207 675 5
207 684 5
207 705 5
207 710 5
207 712 5
207 715 5
207 729 5
207 732 5
207 746 5
207 755 5
207 756 5
207 785 5
207 844 5
207 859 5
207 869 5
207 879 5
207 949 5
207 969 5
207 972 5
207 993 5
208 270 5
208 271 5
208 286 5
208 294 5
208 300 5
208 313 5
208 315 5
208 319 5
208 328 5
208 347 5
208 358 5
208 539 5
208 683 5
208 689 5
208 748 5
209 6 3
209 8 4
209 9 4
209 12 4
209 14 3
209 22 3
209 23 3
209 28 4
209 30 3
209 48 3
209 50 4
209 58 3
209 59 4
209 60 3
209 65 3
209 87 3
209 97 4
209 98 4
209 99 4
209 100 4
209 133 3
209 135 4
209 153 4
209 154 3
209 156 3
209 162 4
209 166 3
209 168 4
209 170 3
209 172 4
209 173 4
209 174 4
209 175 4
209 179 4
209 181 4
209 186 4
209 191 4
209 192 3
209 195 4
209 197 4
209 199 3
209 200 4
209 201 3
209 202 3
209 203 3
209 204 4
209 205 3
209 207 3
209 209 4
209 210 4
209 213 3
209 214 3
209 216 4
209 223 4
209 264 3
209 266 3
209 270 3
209 275 3
209 276 3
209 283 3
209 285 3
209 286 4
209 288 3
209 300 3
209 303 3
209 318 3
209 321 3
209 322 3
209 325 3
209 327 3
209 339 3
209 343 3
209 357 4
209 367 3
209 381 3
209 382 3
209 404 3
209 427 3
209 428 3
209 429 3
209 430 3
209 433 4
209 435 3
209 461 3
209 478 3
209 479 3
209 480 4
209 481 3
209 482 4
209 483 4
209 485 4
209 486 3
209 489 3
209 491 3
209 493 3
209 496 4
209 497 3
209 498 4
209 504 3
209 505 4
209 514 4
209 516 3
209 518 3
209 520 3
209 523 3
209 526 3
209 527 4
209 528 3
209 530 3
209 604 3
209 606 3
209 607 3
209 608 3
209 609 3
209 615 3
209 618 3
209 631 3
209 633 3
209 647 3
209 654 3
209 659 3
209 661 3
209 664 3
209 676 3
209 680 3
209 684 3
209 708 3
209 709 3
209 714 3
209 733 3
209 749 3
209 855 3
209 877 3
209 879 3
209 937 3
209 945 3
209 965 3
209 995 3
210 258 2
210 269 4
210 286 4
210 289 4
210 300 3
210 311 4
210 312 4
210 313 2
210 315 4
210 316 4
210 323 3
210 328 3
210 340 4
210 354 4
210 690 4
210 754 4
210 873 5
210 898 5
210 905 4
211 1 2
211 4 1
211 9 2
211 22 2
211 38 1
211 56 2
211 73 1
211 88 1
211 117 2
211 161 1
211 168 2
211 172 2
211 181 3
211 186 1
211 195 2
211 196 2
211 208 1
211 209 2
211 210 2
211 222 2
211 227 1
211 228 2
211 229 1
211 230 1
211 258 2
211 265 2
211 276 2
211 318 1
211 405 2
211 435 1
211 449 1
211 451 1
211 485 1
211 527 1
211 566 1
211 568 2
211 651 1
211 655 1
211 709 1
211 720 1
211 732 1
211 770 1
212 4 4
212 7 4
212 23 4
212 24 4
212 28 4
212 56 4
212 64 4
212 70 4
212 81 4
212 92 4
212 96 3
212 150 4
212 154 4
212 172 4
212 173 3
212 175 4
212 182 4
212 186 3
212 193 4
212 206 4
212 211 3
212 218 4
212 276 4
212 288 4
212 318 4
212 340 4
212 408 4
212 427 4
212 436 4
212 480 4
212 487 4
212 508 4
212 526 4
212 634 4
212 651 4
212 684 4
212 724 4
213 7 3
213 9 4
213 15 3
213 50 3
213 124 4
213 181 4
213 222 3
213 236 3
213 245 3
213 255 3
213 257 4
213 258 3
213 260 3
213 269 4
213 271 3
213 275 4
213 286 4
213 297 4
213 300 4
213 301 4
213 302 4
213 303 4
213 306 4
213 326 3
213 328 3
213 332 3
213 471 3
213 508 3
213 628 3
213 690 4
213 877 4
213 936 4
214 100 3
214 258 4
214 260 3
214 294 3
214 300 3
214 301 3
214 302 4
214 325 3
214 340 4
214 343 3
214 678 3
214 748 3
215 56 4
215 185 3
215 195 4
215 243 2
215 269 3
215 322 2
215 323 2
215 328 2
215 432 3
215 531 3
215 748 2
215 754 2
216 1 5
216 2 5
216 7 5
216 8 5
216 9 5
216 10 5
216 11 5
216 12 5
216 13 5
216 14 5
216 21 5
216 22 5
216 24 5
216 25 5
216 27 5
216 28 5
216 29 5
216 31 5
216 32 5
216 36 5
216 38 5
216 41 5
216 42 5
216 43 5
216 44 5
216 49 5
216 50 5
216 51 5
216 53 5
216 54 5
216 55 5
216 56 5
216 58 5
216 64 5
216 65 5
216 66 5
216 67 5
216 69 5
216 70 5
216 71 5
216 73 5
216 77 5
216 81 5
216 82 5
216 83 5
216 85 5
216 86 5
216 87 5
216 88 5
216 90 5
216 92 5
216 93 5
216 94 5
216 97 5
216 98 5
216 99 5
216 105 5
216 106 5
216 107 5
216 117 5
216 121 5
216 123 5
216 125 5
216 126 5
216 127 5
216 132 5
216 133 5
216 134 5
216 136 5
216 137 5
216 140 5
216 142 5
216 143 5
216 144 5
216 148 5
216 154 5
216 155 5
216 156 5
216 157 5
216 158 5
216 159 5
216 161 5
216 168 5
216 172 5
216 174 5
216 176 5
216 178 5
216 181 5
216 182 5
216 183 5
216 185 5
216 187 5
216 191 5
216 194 5
216 195 5
216 196 5
216 197 5
216 199 5
216 200 5
216 202 5
216 203 5
216 204 5
216 209 5
216 210 5
216 211 5
216 213 5
216 215 5
216 216 5
216 217 5
216 219 5
216 220 5
216 225 5
216 226 5
216 230 5
216 234 5
216 237 5
216 238 5
216 239 5
216 240 5
216 241 5
216 242 5
216 245 5
216 246 5
216 248 5
216 249 5
216 250 5
216 251 5
216 252 5
216 253 5
216 254 5
216 257 5
216 258 5
216 259 5
216 264 5
216 266 5
216 268 5
216 272 5
216 274 5
216 275 5
216 276 5
216 277 5
216 281 5
216 283 5
216 284 5
216 285 5
216 286 5
216 287 5
216 288 5
216 289 5
216 294 5
216 295 5
216 297 5
216 298 5
216 301 5
216 304 5
216 307 5
216 312 5
216 313 5
216 315 5
216 316 5
216 317 5
216 318 5
216 319 5
216 322 5
216 323 5
216 326 5
216 327 5
216 328 5
216 329 5
216 331 5
216 332 5
216 333 5
216 338 5
216 339 5
216 346 5
216 347 5
216 348 5
216 354 5
216 356 5
216 357 5
216 364 5
216 366 5
216 367 5
216 369 5
216 375 5
216 378 5
216 385 5
216 388 5
216 393 5
216 395 5
216 396 5
216 399 5
216 401 5
216 402 5
216 403 5
216 404 5
216 405 5
216 411 5
216 412 5
216 417 5
216 418 5
216 419 5
216 423 5
216 425 5
216 427 5
216 431 5
216 432 5
216 433 5
216 443 5
216 448 5
216 451 5
216 452 5
216 462 5
216 463 5
216 468 5
216 469 5
216 471 5
216 472 5
216 473 5
216 475 5
216 476 5
216 479 5
216 480 5
216 496 5
216 498 5
216 500 5
216 501 5
216 506 5
216 509 5
216 515 5
216 526 5
216 531 5
216 532 5
216 538 5
216 546 5
216 549 5
216 553 5
216 554 5
216 559 5
216 560 5
216 564 5
216 568 5
216 576 5
216 578 5
216 585 5
216 588 5
216 591 5
216 592 5
216 607 5
216 614 5
216 619 5
216 625 5
216 627 5
216 628 5
216 633 5
216 651 5
216 652 5
216 657 5
216 658 5
216 660 5
216 662 5
216 676 5
216 678 5
216 682 5
216 684 5
216 685 5
216 686 5
216 689 5
216 690 5
216 693 5
216 696 5
216 699 5
216 707 5
216 708 5
216 710 5
216 712 5
216 713 5
216 717 5
216 720 5
216 721 5
216 723 5
216 724 5
216 729 5
216 734 5
216 735 5
216 737 5
216 738 5
216 739 5
216 746 5
216 747 5
216 748 5
216 750 5
216 754 5
216 755 5
216 761 5
216 762 5
216 768 5
216 770 5
216 775 5
216 778 5
216 781 5
216 783 5
216 785 5
216 790 5
216 792 5
216 794 5
216 795 5
216 803 5
216 807 5
216 812 5
216 815 5
216 819 5
216 821 5
216 824 5
216 827 5
216 833 5
216 834 5
216 840 5
216 842 5
216 843 5
216 845 5
216 849 5
216 864 5
216 866 5
216 873 5
216 874 5
216 879 5
216 895 5
216 915 5
216 916 5
216 917 5
216 918 5
216 928 5
216 929 5
216 931 5
216 934 5
216 936 5
216 937 5
216 938 5
216 941 5
216 955 5
216 959 5
216 966 5
216 972 5
216 975 5
216 980 5
216 985 5
216 990 5
216 997 5
217 1 3
217 3 4
217 5 4
217 7 3
217 11 3
217 12 4
217 13 4
217 15 4
217 16 4
217 17 4
217 20 4
217 23 4
217 27 4
217 29 4
217 32 4
217 39 4
217 42 4
217 44 4
217 47 4
217 50 3
217 51 4
217 55 3
217 56 3
217 58 4
217 62 3
217 63 4
217 64 4
217 65 4
217 67 4
217 68 3
217 69 4
217 70 4
217 72 4
217 73 4
217 77 4
217 78 4
217 79 3
217 80 4
217 81 4
217 82 3
217 83 4
217 89 3
217 91 3
217 95 3
217 96 3
217 97 4
217 98 4
217 99 4
217 100 4
217 101 4
217 106 4
217 109 4
217 118 3
217 120 4
217 122 4
217 123 4
217 125 3
217 127 4
217 131 4
217 132 4
217 135 4
217 139 4
217 142 4
217 144 4
217 145 4
217 147 3
217 154 4
217 157 4
217 159 4
217 162 4
217 164 4
217 167 4
217 168 3
217 169 4
217 171 4
217 172 3
217 173 3
217 174 3
217 176 3
217 178 4
217 179 4
217 181 3
217 182 4
217 183 3
217 184 4
217 186 4
217 190 4
217 195 3
217 196 3
217 198 4
217 200 4
217 201 4
217 202 4
217 206 4
217 207 4
217 208 4
217 214 4
217 216 4
217 217 4
217 218 4
217 219 4
217 222 3
217 223 4
217 226 3
217 228 3
217 232 4
217 234 4
217 235 4
217 242 4
217 245 4
217 246 4
217 248 4
217 250 3
217 252 3
217 255 4
217 257 4
217 258 3
217 260 4
217 264 4
217 265 4
217 270 4
217 273 4
217 286 3
217 288 3
217 290 4
217 293 4
217 294 3
217 298 3
217 323 4
217 324 4
217 325 4
217 326 4
217 340 4
217 357 4
217 358 4
217 364 4
217 367 4
217 373 4
217 380 4
217 382 4
217 385 3
217 386 4
217 388 4
217 391 4
217 392 4
217 393 4
217 395 4
217 396 4
217 399 4
217 402 4
217 403 3
217 404 4
217 413 4
217 419 4
217 420 4
217 421 4
217 422 4
217 423 3
217 425 4
217 428 4
217 431 4
217 433 4
217 436 4
217 441 4
217 444 4
217 447 4
217 449 3
217 451 4
217 452 4
217 461 4
217 465 4
217 472 3
217 474 4
217 475 4
217 483 4
217 484 4
217 485 4
217 498 4
217 501 3
217 508 3
217 513 4
217 518 4
217 541 4
217 544 4
217 545 4
217 546 3
217 551 4
217 552 4
217 555 4
217 559 4
217 561 4
217 562 4
217 563 4
217 574 4
217 578 4
217 579 4
217 582 4
217 596 3
217 597 3
217 614 4
217 616 4
217 625 3
217 628 4
217 631 4
217 636 4
217 638 4
217 640 4
217 642 4
217 655 4
217 658 4
217 665 3
217 668 4
217 669 4
217 674 4
217 679 4
217 684 4
217 685 3
217 692 4
217 708 4
217 709 4
217 710 4
217 715 4
217 723 4
217 725 4
217 727 4
217 728 4
217 732 4
217 742 3
217 746 4
217 747 3
217 748 3
217 758 4
217 762 4
217 764 4
217 765 4
217 767 4
217 769 4
217 774 4
217 778 4
217 781 4
217 783 4
217 792 4
217 796 4
217 797 4
217 800 4
217 804 4
217 809 4
217 810 4
217 815 3
217 825 4
217 827 4
217 831 4
217 849 4
217 855 4
217 871 4
217 895 4
217 923 4
217 928 4
217 940 4
217 943 4
217 944 4
217 946 4
217 963 4
217 979 4
217 999 4
217 1000 4
218 258 2
218 269 2
218 288 2
218 301 1
218 302 2
218 313 2
218 327 1
218 328 2
218 331 1
218 362 1
218 750 1
218 895 1
218 899 1
219 50 5
219 79 5
219 89 5
219 100 5
219 173 5
219 181 5
219 223 5
219 257 5
219 275 5
219 286 5
219 405 5
219 478 5
219 488 5
219 615 5
219 617 5
219 705 5
220 19 5
220 86 5
220 100 5
220 116 5
220 137 5
220 251 5
220 275 5
220 283 5
220 302 4
220 319 4
220 331 4
220 408 5
220 475 4
220 478 5
220 508 5
220 513 5
220 603 5
220 750 4
220 753 5
221 4 5
221 7 5
221 11 5
221 12 5
221 50 5
221 56 5
221 82 5
221 87 5
221 89 5
221 96 5
221 100 5
221 117 5
221 124 5
221 127 4
221 129 5
221 144 5
221 156 5
221 164 5
221 172 5
221 174 5
221 175 4
221 176 5
221 182 5
221 183 5
221 185 5
221 194 5
221 200 5
221 213 5
221 218 5
221 219 5
221 238 4
221 302 5
221 333 5
221 443 5
221 448 5
221 466 5
221 516 5
221 517 5
221 653 5
221 657 5
221 672 5
221 709 5
221 879 5
221 914 5
221 915 5
222 1 3
222 15 3
222 50 3
222 53 2
222 98 3
222 100 3
222 109 2
222 117 2
222 124 3
222 126 2
222 127 3
222 129 2
222 137 3
222 151 3
222 181 3
222 184 2
222 200 2
222 201 2
222 217 2
222 219 2
222 222 3
222 235 2
222 250 2
222 257 2
222 258 2
222 260 2
222 270 2
222 273 2
222 276 2
222 286 3
222 287 2
222 288 2
222 293 2
222 294 2
222 299 2
222 307 2
222 324 2
222 326 1
222 327 2
222 334 2
222 370 2
222 379 2
222 396 2
222 410 2
222 436 2
222 447 2
222 448 2
222 452 2
222 458 2
222 475 3
222 477 2
222 515 2
222 551 2
222 558 2
222 559 2
222 561 2
222 590 2
222 665 2
222 670 2
222 671 2
222 672 2
222 682 2
222 742 2
222 760 2
222 854 2
222 867 2
222 919 2
222 922 2
222 926 2
223 9 2
223 15 2
223 127 3
223 148 2
223 237 2
223 245 3
223 258 3
223 269 4
223 272 3
223 276 3
223 282 2
223 286 3
223 299 3
223 300 3
223 304 2
223 307 3
223 310 3
223 313 3
223 315 3
223 322 3
223 323 3
223 326 3
223 327 3
223 328 3
223 329 3
223 333 3
223 340 3
223 344 3
223 347 3
223 355 3
223 471 2
223 546 2
223 591 3
223 628 3
223 678 3
223 689 3
223 696 3
223 744 2
223 748 3
223 750 3
223 754 3
223 823 2
223 879 3
223 898 3
223 924 2
223 977 2
224 1 3
224 14 2
224 15 3
224 25 3
224 50 3
224 100 4
224 115 2
224 127 3
224 151 3
224 172 2
224 243 2
224 261 2
224 275 2
224 288 3
224 289 2
224 310 2
224 323 2
224 333 2
224 427 2
224 508 3
224 538 2
224 681 2
224 683 2
224 689 2
224 882 2
225 1 2
225 2 1
225 7 2
225 17 1
225 22 2
225 24 1
225 32 1
225 38 1
225 39 1
225 53 1
225 55 1
225 62 1
225 68 1
225 79 2
225 82 1
225 83 1
225 98 3
225 100 3
225 117 1
225 118 1
225 121 2
225 124 1
225 127 2
225 144 1
225 147 1
225 156 1
225 168 2
225 171 1
225 172 2
225 174 2
225 176 2
225 177 1
225 178 1
225 180 1
225 183 2
225 185 2
225 187 1
225 188 1
225 191 2
225 195 2
225 198 1
225 200 1
225 201 1
225 204 2
225 207 1
225 209 2
225 210 2
225 218 1
225 222 2
225 227 1
225 229 1
225 230 1
225 231 1
225 232 1
225 234 2
225 241 1
225 244 1
225 250 1
225 252 1
225 257 1
225 259 1
225 271 1
225 272 1
225 273 1
225 281 1
225 286 1
225 288 1
225 298 1
225 302 1
225 305 1
225 307 1
225 310 1
225 313 1
225 316 1
225 318 2
225 322 1
225 323 1
225 324 1
225 325 1
225 327 1
225 333 1
225 338 1
225 340 1
225 343 1
225 346 1
225 355 1
225 357 2
225 358 1
225 362 1
225 363 1
225 379 1
225 385 1
225 398 1
225 424 1
225 429 1
225 445 1
225 447 1
225 448 1
225 452 1
225 474 1
225 475 1
225 491 1
225 515 1
225 520 1
225 522 1
225 529 1
225 538 1
225 540 1
225 550 1
225 562 1
225 566 1
225 568 1
225 573 1
225 576 1
225 583 1
225 590 1
225 597 1
225 636 1
225 669 1
225 670 1
225 675 1
225 678 1
225 679 1
225 686 1
225 690 1
225 748 1
225 750 1
225 751 1
225 759 1
225 823 1
225 825 1
225 831 1
225 841 1
225 853 1
225 877 1
225 879 1
225 895 1
225 912 1
225 943 1
225 976 1
226 23 5
226 50 5
226 98 5
226 99 5
226 133 5
226 134 5
226 135 5
226 168 5
226 174 5
226 178 5
226 182 5
226 185 5
226 191 5
226 196 5
226 197 5
226 199 5
226 200 5
226 204 5
226 208 5
226 211 5
226 318 5
226 418 5
226 427 5
226 428 5
226 430 5
226 432 5
226 435 5
226 474 5
226 478 5
226 480 5
226 483 5
226 486 5
226 488 5
226 490 5
226 491 5
226 492 5
226 493 5
226 494 5
226 504 5
226 505 5
226 510 5
226 511 5
226 524 5
226 525 5
226 526 5
226 601 5
226 603 5
226 605 5
226 606 5
226 607 5
226 608 5
226 610 5
226 613 5
226 614 5
226 616 5
226 631 5
226 633 5
226 646 5
226 648 5
226 651 5
226 653 5
226 654 5
226 655 5
226 657 5
226 673 5
226 705 5
226 754 5
226 835 5
226 836 5
226 848 5
227 245 5
227 258 5
227 263 5
227 286 5
227 292 5
227 300 5
227 302 5
227 303 5
227 304 5
227 319 5
227 332 5
227 341 5
227 359 5
227 680 5
227 681 5
227 682 5
227 688 5
227 874 5
228 243 2
228 259 3
228 268 3
228 271 2
228 272 4
228 286 3
228 289 3
228 294 3
228 300 3
228 301 3
228 305 3
228 307 3
228 312 3
228 313 4
228 322 3
228 323 3
228 326 3
228 329 2
228 332 3
228 334 2
228 338 2
228 344 3
228 350 3
228 538 2
228 690 3
228 750 3
228 875 2
228 877 2
228 879 3
228 886 3
228 896 3
228 908 3
228 988 2
229 1 5
229 2 5
229 3 5
229 4 5
229 7 5
229 8 5
229 12 5
229 15 5
229 21 5
229 22 5
229 23 5
229 24 5
229 26 5
229 28 5
229 31 5
229 32 5
229 45 5
229 47 5
229 48 5
229 50 5
229 52 5
229 53 5
229 55 5
229 56 5
229 58 5
229 62 5
229 63 5
229 64 5
229 66 5
229 68 5
229 69 5
229 70 5
229 72 5
229 73 5
229 77 5
229 79 5
229 81 5
229 82 5
229 83 5
229 85 5
229 86 5
229 87 5
229 88 5
229 89 5
229 90 5
229 91 5
229 92 5
229 93 5
229 95 5
229 96 5
229 97 5
229 101 5
229 109 5
229 114 5
229 117 5
229 118 5
229 123 5
229 124 5
229 127 5
229 128 5
229 132 5
229 133 5
229 134 5
229 137 5
229 140 5
229 141 5
229 143 5
229 144 5
229 150 5
229 151 5
229 153 5
229 154 5
229 157 5
229 159 5
229 161 5
229 162 5
229 163 5
229 164 5
229 165 5
229 166 5
229 168 5
229 170 5
229 172 5
229 174 5
229 178 5
229 179 5
229 181 5
229 183 5
229 184 5
229 185 5
229 186 5
229 188 5
229 190 5
229 191 5
229 193 5
229 195 5
229 197 5
229 201 5
229 202 5
229 203 5
229 207 5
229 208 5
229 209 5
229 210 5
229 211 5
229 214 5
229 216 5
229 218 5
229 219 5
229 223 5
229 225 5
229 229 5
229 232 5
229 233 5
229 237 5
229 238 5
229 248 5
229 249 5
229 250 5
229 258 5
229 264 5
229 265 5
229 273 5
229 274 5
229 275 5
229 276 5
229 277 5
229 280 5
229 281 5
229 282 5
229 283 5
229 288 5
229 290 5
229 291 5
229 298 5
229 301 5
229 318 5
229 319 5
229 321 5
229 340 5
229 356 5
229 365 5
229 366 5
229 367 5
229 371 5
229 378 5
229 385 5
229 387 5
229 392 5
229 393 5
229 403 5
229 404 5
229 405 5
229 410 5
229 411 5
229 415 5
229 418 5
229 419 5
229 423 5
229 427 5
229 428 5
229 431 5
229 432 5
229 433 5
229 435 5
229 436 5
229 441 5
229 448 5
229 455 5
229 457 5
229 464 5
229 466 5
229 467 5
229 468 5
229 470 5
229 473 5
229 475 5
229 480 5
229 481 5
229 482 5
229 483 5
229 484 5
229 485 5
229 491 5
229 493 5
229 495 5
229 496 5
229 499 5
229 500 5
229 502 5
229 504 5
229 505 5
229 508 5
229 511 5
229 514 5
229 520 5
229 527 5
229 531 5
229 535 5
229 537 5
229 546 5
229 549 5
229 550 5
229 566 5
229 568 5
229 569 5
229 570 5
229 578 5
229 581 5
229 584 5
229 591 5
229 602 5
229 603 5
229 611 5
229 625 5
229 627 5
229 628 5
229 629 5
229 631 5
229 633 5
229 635 5
229 636 5
229 640 5
229 642 5
229 652 5
229 654 5
229 655 5
229 658 5
229 662 5
229 665 5
229 671 5
229 672 5
229 673 5
229 679 5
229 684 5
229 692 5
229 693 5
229 700 5
229 702 5
229 705 5
229 708 5
229 709 5
229 710 5
229 726 5
229 729 5
229 732 5
229 735 5
229 742 5
229 744 5
229 747 5
229 755 5
229 756 5
229 761 5
229 762 5
229 763 5
229 768 5
229 780 5
229 794 5
229 804 5
229 805 5
229 806 5
229 820 5
229 826 5
229 833 5
229 845 5
229 847 5
229 921 5
229 928 5
229 941 5
229 944 5
229 961 5
229 967 5
229 972 5
230 9 3
230 10 3
230 12 3
230 19 3
230 42 3
230 50 4
230 56 3
230 98 3
230 100 4
230 101 2
230 117 3
230 129 3
230 137 3
230 152 3
230 164 3
230 165 3
230 181 3
230 221 3
230 222 2
230 234 3
230 237 3
230 248 3
230 253 3
230 258 3
230 264 3
230 273 3
230 276 3
230 286 3
230 288 3
230 293 3
230 294 3
230 300 2
230 302 3
230 318 3
230 328 3
230 436 2
230 514 3
230 515 3
230 527 3
230 528 3
230 547 2
230 628 3
230 674 3
231 286 2
231 307 2
231 322 2
231 323 2
231 327 2
231 358 1
231 538 1
231 690 1
231 748 2
231 879 2
231 988 1
232 1 2
232 7 2
232 24 1
232 50 3
232 93 1
232 100 3
232 108 1
232 109 1
232 111 2
232 117 2
232 118 1
232 121 2
232 123 1
232 151 2
232 181 2
232 222 2
232 246 2
232 248 1
232 249 1
232 250 1
232 257 2
232 258 2
232 274 1
232 276 2
232 284 1
232 294 2
232 295 1
232 300 2
232 315 1
232 322 1
232 405 2
232 410 1
232 411 1
232 471 1
232 508 2
232 546 1
232 620 1
232 628 1
232 678 1
232 742 2
232 763 1
232 815 1
232 844 1
232 845 1
233 59 1
233 60 1
233 95 2
233 173 3
233 174 3
233 194 2
233 246 2
233 268 2
233 269 2
233 273 2
233 276 2
233 293 1
233 302 2
233 303 1
233 322 1
233 323 1
233 326 1
233 333 1
233 340 1
233 435 2
233 474 2
233 507 1
233 657 1
233 682 1
233 690 1
233 748 1
233 754 1
233 919 1
234 9 4
234 111 5
234 121 4
234 125 4
234 147 4
234 148 4
234 151 4
234 225 4
234 274 4
234 275 4
234 283 4
234 287 4
234 288 4
234 347 4
234 369 4
234 406 4
234 471 4
234 476 4
234 546 4
234 628 4
234 756 4
234 763 4
234 815 4
234 819 4
234 833 4
234 844 4
234 928 4
234 975 4
235 1 3
235 3 3
235 4 3
235 5 3
235 7 3
235 9 3
235 11 3
235 12 2
235 15 3
235 21 3
235 22 4
235 23 4
235 24 3
235 25 4
235 27 4
235 28 3
235 31 3
235 38 3
235 40 4
235 42 3
235 45 3
235 49 3
235 50 3
235 52 4
235 54 3
235 62 3
235 63 3
235 64 3
235 67 3
235 68 3
235 69 3
235 71 2
235 72 3
235 73 4
235 80 4
235 82 4
235 83 4
235 85 3
235 86 3
235 89 3
235 95 3
235 96 3
235 100 3
235 105 4
235 108 3
235 109 3
235 111 4
235 115 3
235 117 3
235 118 4
235 121 3
235 122 3
235 123 3
235 125 3
235 128 3
235 132 3
235 135 3
235 136 4
235 141 4
235 148 3
235 151 4
235 152 3
235 153 3
235 154 3
235 156 3
235 157 3
235 159 3
235 160 3
235 161 3
235 162 4
235 163 4
235 164 2
235 167 3
235 168 4
235 171 3
235 172 4
235 173 3
235 174 4
235 175 3
235 176 3
235 182 3
235 183 3
235 184 3
235 185 4
235 186 3
235 187 4
235 188 4
235 190 4
235 191 3
235 195 3
235 196 3
235 199 4
235 200 3
235 204 4
235 206 3
235 211 3
235 214 3
235 215 3
235 216 4
235 217 3
235 218 3
235 219 3
235 222 3
235 225 3
235 226 4
235 227 3
235 228 4
235 229 3
235 230 3
235 234 3
235 239 4
235 240 3
235 245 3
235 246 3
235 250 3
235 252 3
235 254 4
235 255 4
235 257 3
235 258 3
235 260 3
235 264 4
235 273 3
235 284 3
235 290 3
235 291 3
235 294 3
235 299 3
235 300 4
235 307 4
235 313 3
235 317 3
235 318 3
235 321 4
235 327 3
235 331 3
235 338 3
235 343 3
235 351 3
235 354 4
235 357 3
235 358 3
235 367 4
235 369 4
235 376 3
235 380 4
235 381 3
235 382 4
235 384 4
235 385 4
235 386 4
235 392 3
235 393 3
235 394 3
235 399 4
235 402 4
235 403 4
235 404 4
235 410 3
235 411 3
235 413 3
235 423 3
235 424 3
235 431 3
235 433 4
235 434 4
235 435 4
235 436 3
235 443 3
235 447 4
235 448 3
235 451 4
235 455 4
235 462 3
235 465 4
235 470 4
235 473 3
235 474 3
235 476 3
235 520 4
235 541 4
235 542 4
235 546 3
235 550 4
235 554 3
235 561 3
235 566 4
235 567 3
235 568 4
235 569 3
235 571 4
235 572 3
235 573 4
235 576 4
235 577 3
235 578 3
235 584 4
235 587 3
235 588 3
235 597 3
235 616 4
235 625 4
235 628 3
235 631 3
235 637 3
235 640 3
235 649 4
235 652 3
235 655 3
235 659 4
235 665 3
235 672 3
235 673 3
235 675 4
235 679 3
235 684 3
235 693 4
235 696 3
235 697 4
235 710 4
235 713 4
235 715 3
235 717 3
235 720 3
235 729 4
235 732 3
235 743 3
235 746 4
235 748 3
235 751 3
235 752 3
235 756 3
235 760 3
235 762 3
235 780 3
235 781 3
235 786 3
235 790 3
235 792 3
235 797 3
235 800 3
235 820 3
235 821 3
235 825 3
235 826 3
235 831 3
235 834 3
235 841 3
235 845 3
235 862 3
235 885 3
235 890 3
235 895 3
235 924 3
235 926 4
235 928 3
235 929 3
235 943 3
235 944 4
235 961 3
235 977 3
235 983 3
236 21 5
236 23 5
236 26 5
236 38 5
236 39 5
236 43 5
236 47 5
236 65 5
236 66 5
236 72 5
236 73 5
236 83 5
236 90 5
236 92 5
236 95 5
236 96 5
236 98 5
236 102 5
236 111 5
236 125 5
236 132 5
236 133 5
236 157 5
236 159 5
236 161 5
236 168 5
236 172 5
236 174 5
236 179 5
236 186 5
236 200 5
236 204 5
236 215 5
236 216 5
236 217 5
236 218 5
236 219 5
236 226 5
236 238 5
236 265 5
236 276 5
236 287 5
236 288 5
236 313 5
236 325 5
236 327 5
236 340 5
236 347 5
236 367 5
236 381 5
236 392 5
236 400 5
236 411 5
236 433 5
236 447 5
236 454 5
236 503 5
236 504 5
236 506 5
236 537 5
236 546 5
236 553 5
236 559 5
236 568 5
236 581 5
236 585 5
236 595 5
236 628 5
236 642 5
236 649 5
236 655 5
236 658 5
236 660 5
236 708 5
236 710 5
236 715 5
236 721 5
236 723 5
236 739 5
236 742 5
236 746 5
236 748 5
236 761 5
236 762 5
236 785 5
236 787 5
236 790 5
236 794 5
236 821 5
236 845 5
236 895 5
236 974 5
237 5 2
237 11 2
237 12 2
237 14 2
237 28 3
237 30 3
237 42 2
237 47 2
237 50 3
237 56 2
237 58 2
237 65 2
237 69 2
237 70 2
237 77 2
237 79 2
237 82 2
237 83 2
237 86 2
237 87 2
237 88 2
237 89 2
237 90 2
237 91 2
237 95 2
237 97 2
237 98 3
237 99 3
237 111 2
237 116 3
237 118 2
237 124 3
237 131 3
237 132 3
237 133 2
237 134 3
237 137 2
237 143 3
237 144 2
237 145 2
237 151 2
237 154 2
237 155 2
237 161 2
237 162 2
237 166 3
237 168 2
237 170 2
237 173 3
237 174 3
237 176 2
237 179 2
237 180 2
237 181 3
237 183 2
237 185 2
237 186 2
237 190 2
237 191 2
237 195 3
237 197 3
237 204 2
237 207 2
237 208 2
237 211 3
237 212 2
237 213 2
237 214 2
237 216 2
237 217 2
237 218 2
237 219 2
237 229 2
237 234 2
237 237 2
237 238 3
237 239 2
237 244 2
237 253 2
237 254 2
237 265 2
237 275 3
237 276 3
237 281 2
237 283 3
237 286 3
237 287 2
237 288 3
237 292 2
237 301 2
237 318 3
237 378 2
237 381 2
237 393 2
237 402 2
237 404 2
237 412 2
237 415 2
237 418 3
237 419 2
237 421 2
237 423 2
237 428 2
237 432 3
237 433 2
237 435 2
237 436 2
237 447 2
237 450 2
237 451 2
237 463 2
237 466 2
237 473 2
237 478 2
237 480 3
237 482 3
237 483 3
237 484 3
237 485 3
237 496 3
237 497 2
237 499 3
237 501 3
237 507 3
237 512 3
237 514 3
237 517 2
237 518 2
237 521 2
237 523 2
237 559 2
237 566 2
237 581 2
237 582 2
237 583 2
237 584 2
237 588 3
237 603 2
237 607 3
237 614 2
237 629 3
237 640 2
237 642 2
237 651 2
237 652 2
237 654 2
237 655 2
237 657 3
237 660 2
237 663 2
237 665 2
237 672 2
237 674 2
237 683 2
237 684 2
237 692 2
237 696 2
237 697 2
237 698 2
237 699 2
237 702 2
237 705 3
237 707 2
237 708 2
237 709 2
237 710 2
237 727 2
237 730 2
237 732 2
237 736 2
237 737 2
237 739 2
237 746 2
237 747 2
237 748 2
237 753 2
237 755 2
237 770 2
237 778 2
237 781 2
237 794 2
237 812 2
237 842 2
237 843 2
237 946 2
237 955 2
237 969 2
238 15 5
238 21 5
238 100 5
238 118 5
238 121 5
238 181 5
238 220 5
238 237 5
238 245 5
238 255 5
238 269 5
238 280 5
238 286 5
238 321 5
238 471 5
238 476 5
238 815 5
238 866 5
239 7 3
239 13 2
239 14 2
239 100 3
239 121 2
239 147 2
239 237 2
239 240 2
239 242 2
239 246 2
239 257 2
239 273 2
239 276 2
239 282 2
239 285 2
239 288 3
239 301 3
239 405 2
239 475 2
239 591 3
239 895 2
240 70 4
240 171 4
240 198 4
240 242 3
240 243 3
240 271 3
240 272 4
240 283 4
240 300 3
240 310 3
240 312 4
240 313 3
240 328 3
240 329 3
240 340 4
240 350 3
240 512 4
240 515 4
240 582 4
240 690 3
240 736 4
240 749 3
240 750 3
240 751 3
240 886 3
240 904 4
240 921 4
240 937 3
241 1 4
241 7 4
241 9 4
241 15 4
241 25 4
241 121 3
241 259 5
241 288 4
241 294 4
241 683 5
242 7 3
242 11 3
242 12 2
242 14 2
242 17 2
242 22 2
242 26 2
242 27 2
242 29 2
242 31 2
242 33 2
242 38 2
242 39 2
242 41 2
242 42 3
242 44 2
242 53 2
242 54 2
242 55 3
242 56 3
242 62 2
242 64 2
242 67 2
242 68 2
242 79 2
242 82 2
242 98 2
242 100 3
242 117 2
242 129 3
242 144 2
242 150 3
242 154 2
242 156 3
242 159 2
242 161 2
242 168 3
242 174 3
242 176 3
242 177 2
242 182 3
242 184 3
242 186 3
242 195 2
242 203 2
242 204 2
242 209 3
242 210 2
242 219 3
242 226 1
242 228 3
242 229 2
242 230 2
242 231 2
242 234 2
242 240 2
242 273 2
242 276 2
242 281 2
242 286 2
242 288 2
242 294 2
242 318 2
242 342 2
242 350 2
242 367 2
242 385 2
242 401 2
242 403 3
242 410 2
242 436 3
242 449 2
242 452 2
242 482 2
242 508 2
242 546 2
242 554 2
242 559 3
242 569 3
242 572 2
242 576 2
242 578 2
242 591 2
242 628 2
242 635 2
242 636 2
242 672 2
242 684 2
242 685 2
242 695 2
242 710 2
242 746 3
242 769 2
242 780 2
242 800 2
242 810 2
242 834 2
242 873 2
242 943 2
242 975 2
243 12 3
243 271 2
243 309 2
243 313 3
243 340 2
243 343 2
243 358 2
243 644 2
243 678 2
243 687 2
244 9 3
244 50 3
244 100 3
244 245 2
244 251 2
244 258 3
244 275 2
244 748 2
244 751 2
244 906 1
244 912 1
244 916 1
245 7 2
245 9 2
245 23 2
245 28 2
245 50 2
245 55 2
245 64 3
245 79 2
245 87 2
245 100 2
245 117 2
245 118 2
245 121 2
245 123 2
245 127 2
245 144 2
245 147 2
245 150 2
245 174 2
245 181 2
245 195 2
245 203 2
245 204 2
245 208 2
245 209 2
245 221 2
245 235 2
245 237 2
245 245 2
245 246 1
245 248 2
245 273 2
245 276 2
245 291 2
245 293 2
245 295 2
245 310 2
245 313 1
245 324 1
245 325 2
245 330 2
245 333 1
245 340 1
245 346 1
245 405 2
245 408 2
245 410 2
245 460 2
245 475 2
245 479 2
245 480 2
245 504 2
245 544 2
245 591 2
245 595 2
245 597 2
245 603 2
245 628 2
245 644 2
245 689 2
245 742 2
245 744 2
245 748 2
245 762 2
245 763 2
245 818 2
245 823 2
245 829 2
245 831 2
245 840 2
245 844 2
245 845 2
245 881 2
245 886 2
245 895 2
245 908 2
245 919 2
245 959 2
245 979 2
246 268 1
246 269 1
246 270 1
246 288 1
246 292 1
246 294 1
246 301 1
246 302 1
246 303 1
246 326 1
246 327 1
246 328 1
246 332 1
246 334 1
246 359 1
246 688 1
246 690 1
246 754 1
246 883 1
246 887 1
246 888 1
247 1 3
247 5 2
247 7 3
247 9 2
247 11 2
247 17 2
247 27 1
247 28 2
247 31 2
247 55 2
247 56 3
247 65 2
247 68 2
247 69 2
247 70 2
247 89 2
247 91 2
247 96 2
247 98 3
247 100 3
247 111 2
247 117 3
247 123 2
247 135 2
247 144 2
247 147 2
247 148 2
247 150 2
247 151 2
247 153 2
247 156 2
247 157 2
247 158 1
247 174 3
247 176 2
247 180 2
247 183 2
247 204 2
247 206 1
247 209 2
247 218 2
247 222 3
247 227 2
247 231 2
247 233 2
247 234 2
247 248 2
247 252 2
247 260 2
247 281 2
247 284 2
247 286 2
247 288 3
247 290 2
247 293 1
247 298 2
247 300 2
247 367 2
247 405 3
247 410 2
247 435 2
247 447 2
247 469 1
247 470 2
247 483 2
247 484 2
247 498 2
247 544 1
247 546 2
247 559 2
247 582 2
247 591 2
247 597 2
247 629 1
247 642 2
247 678 2
247 742 3
247 748 2
247 760 1
247 815 2
247 823 2
247 845 2
247 866 2
247 926 2
247 963 1
247 981 1
248 262 5
248 268 5
248 269 5
248 271 5
248 286 5
248 292 5
248 301 5
248 303 5
248 305 5
248 307 5
248 319 5
248 321 5
248 327 5
248 333 5
248 338 5
248 340 5
248 344 5
248 750 5
248 884 5
248 896 5
248 900 5
248 902 5
249 9 5
249 15 4
249 59 5
249 60 5
249 61 5
249 100 4
249 117 3
249 118 4
249 122 4
249 127 5
249 137 5
249 170 5
249 171 5
249 179 5
249 212 5
249 224 5
249 248 4
249 251 4
249 269 5
249 273 4
249 276 4
249 285 5
249 286 5
249 288 4
249 291 4
249 293 4
249 310 4
249 337 5
249 381 5
249 410 4
249 459 4
249 473 5
249 546 4
249 558 5
249 742 3
249 748 4
249 753 5
249 763 4
249 936 5
249 983 5
250 1 3
250 2 2
250 3 2
250 4 2
250 7 3
250 10 2
250 12 3
250 13 3
250 15 3
250 26 2
250 28 3
250 29 2
250 35 2
250 38 2
250 39 2
250 49 2
250 51 2
250 54 2
250 56 4
250 58 3
250 60 2
250 64 4
250 65 3
250 66 2
250 67 2
250 70 3
250 71 3
250 73 3
250 77 2
250 79 3
250 80 2
250 81 2
250 82 3
250 83 3
250 86 3
250 87 3
250 88 3
250 89 3
250 90 3
250 92 2
250 94 2
250 95 3
250 97 3
250 98 5
250 99 3
250 100 4
250 101 2
250 110 2
250 112 2
250 114 2
250 117 2
250 121 3
250 123 2
250 125 2
250 126 2
250 127 3
250 131 3
250 132 3
250 133 3
250 134 3
250 135 4
250 136 3
250 139 2
250 141 2
250 142 2
250 143 4
250 144 3
250 145 2
250 152 3
250 153 3
250 154 3
250 155 2
250 157 2
250 158 2
250 161 3
250 162 2
250 163 2
250 164 2
250 166 2
250 167 2
250 168 3
250 169 2
250 173 3
250 174 4
250 176 3
250 177 3
250 179 3
250 180 3
250 182 3
250 183 3
250 185 3
250 187 3
250 191 4
250 192 3
250 193 3
250 194 3
250 195 4
250 196 3
250 197 4
250 199 3
250 200 3
250 202 3
250 203 3
250 204 3
250 205 2
250 207 2
250 208 3
250 210 4
250 211 3
250 215 3
250 216 3
250 218 2
250 222 3
250 223 2
250 225 2
250 226 2
250 227 3
250 229 3
250 231 2
250 233 2
250 237 3
250 238 3
250 239 3
250 241 3
250 245 2
250 252 2
250 254 2
250 258 3
250 264 2
250 265 3
250 269 3
250 270 2
250 272 2
250 274 2
250 275 3
250 277 2
250 278 2
250 280 2
250 281 2
250 282 2
250 283 3
250 288 2
250 290 2
250 292 2
250 294 3
250 299 2
250 300 3
250 301 2
250 302 3
250 304 2
250 305 2
250 310 2
250 311 2
250 312 2
250 313 3
250 315 2
250 316 2
250 328 2
250 332 2
250 340 2
250 354 2
250 357 4
250 367 3
250 371 2
250 373 2
250 378 2
250 380 2
250 381 2
250 382 3
250 383 2
250 384 2
250 385 3
250 387 3
250 393 2
250 395 2
250 396 2
250 400 2
250 401 2
250 402 3
250 414 2
250 416 2
250 417 2
250 418 3
250 419 3
250 421 2
250 422 2
250 428 2
250 431 2
250 432 3
250 433 3
250 434 2
250 435 3
250 443 3
250 448 2
250 451 2
250 455 2
250 462 3
250 465 2
250 467 3
250 469 3
250 470 2
250 471 3
250 472 3
250 474 3
250 476 2
250 477 3
250 478 3
250 479 4
250 480 3
250 481 2
250 482 3
250 483 3
250 484 3
250 487 2
250 488 2
250 490 2
250 491 3
250 493 3
250 494 3
250 495 2
250 496 3
250 497 2
250 499 2
250 500 2
250 502 3
250 503 2
250 505 2
250 506 3
250 507 3
250 509 3
250 510 3
250 511 3
250 514 3
250 518 2
250 520 3
250 523 3
250 525 2
250 526 3
250 527 3
250 528 3
250 530 3
250 535 2
250 549 2
250 550 2
250 553 2
250 557 2
250 558 2
250 559 2
250 561 2
250 566 2
250 568 3
250 570 2
250 582 3
250 583 2
250 589 2
250 591 2
250 602 2
250 604 2
250 606 2
250 607 2
250 608 2
250 609 2
250 610 2
250 611 2
250 612 2
250 613 2
250 614 2
250 618 2
250 620 2
250 622 2
250 629 3
250 630 2
250 631 2
250 632 2
250 633 2
250 637 2
250 642 2
250 647 2
250 648 2
250 650 2
250 651 3
250 655 3
250 657 3
250 659 3
250 660 3
250 661 3
250 663 2
250 673 2
250 679 2
250 685 3
250 686 2
250 689 2
250 692 3
250 693 2
250 700 2
250 704 2
250 705 3
250 707 2
250 708 2
250 709 3
250 710 2
250 712 2
250 714 2
250 715 2
250 716 2
250 717 2
250 723 2
250 727 2
250 728 2
250 729 3
250 731 2
250 735 3
250 736 3
250 742 3
250 747 2
250 748 2
250 751 2
250 761 2
250 762 2
250 765 2
250 771 2
250 774 2
250 775 2
250 778 2
250 783 2
250 785 2
250 790 2
250 792 3
250 794 2
250 801 2
250 807 2
250 815 2
250 821 2
250 823 2
250 832 2
250 837 2
250 842 2
250 845 3
250 846 2
250 847 2
250 865 2
250 869 2
250 873 2
250 878 2
250 900 2
250 902 2
250 904 2
250 905 2
250 908 2
250 921 2
250 923 2
250 926 2
250 928 2
250 934 2
250 936 2
250 939 2
250 940 2
250 942 2
250 951 2
250 956 2
250 965 2
250 966 2
250 967 2
250 969 2
251 242 1
251 243 1
251 259 1
251 260 1
251 262 1
251 268 1
251 269 1
251 270 1
251 286 2
251 288 1
251 289 1
251 292 1
251 294 1
251 299 1
251 300 2
251 301 1
251 303 1
251 305 1
251 307 1
251 308 1
251 319 1
251 322 1
251 323 1
251 325 1
251 327 1
251 328 1
251 329 1
251 330 1
251 331 1
251 332 1
251 333 1
251 336 1
251 337 1
251 359 1
251 360 1
251 457 1
251 680 1
251 681 1
251 682 1
251 687 1
251 749 1
251 872 1
251 874 1
251 875 1
251 877 1
251 879 1
251 880 1
251 881 1
251 882 1
251 883 1
251 884 1
251 937 1
251 938 1
251 984 1
251 989 1
251 991 1
251 995 1
252 7 4
252 8 4
252 14 4
252 22 4
252 25 4
252 27 5
252 45 5
252 48 5
252 52 4
252 58 4
252 60 5
252 61 5
252 62 5
252 64 4
252 66 5
252 69 4
252 70 4
252 73 5
252 86 4
252 88 4
252 89 4
252 96 4
252 97 4
252 99 4
252 111 5
252 121 4
252 124 5
252 127 4
252 132 4
252 134 4
252 135 4
252 136 5
252 143 4
252 152 5
252 154 4
252 156 5
252 161 4
252 162 4
252 163 5
252 168 4
252 170 4
252 171 5
252 173 4
252 174 4
252 180 5
252 181 4
252 183 4
252 185 4
252 186 4
252 187 4
252 188 5
252 191 4
252 194 4
252 195 4
252 197 4
252 201 5
252 202 4
252 203 4
252 204 4
252 207 5
252 212 5
252 216 4
252 234 4
252 237 5
252 243 5
252 245 5
252 259 5
252 269 4
252 276 5
252 286 4
252 294 5
252 318 4
252 371 5
252 384 5
252 404 5
252 418 5
252 419 4
252 420 5
252 423 4
252 427 4
252 430 4
252 432 4
252 435 4
252 443 4
252 455 5
252 458 5
252 461 5
252 462 4
252 465 5
252 467 5
252 472 5
252 479 4
252 482 5
252 483 4
252 485 4
252 488 4
252 491 5
252 492 5
252 494 5
252 495 5
252 496 4
252 498 4
252 502 5
252 506 5
252 510 4
252 513 4
252 517 5
252 518 5
252 521 5
252 523 4
252 526 5
252 530 5
252 531 5
252 554 5
252 576 5
252 588 4
252 597 5
252 603 4
252 609 5
252 614 5
252 615 5
252 624 5
252 631 5
252 636 5
252 641 5
252 648 5
252 654 5
252 659 5
252 660 4
252 684 5
252 729 5
252 736 4
252 780 5
252 781 5
252 792 5
252 805 5
252 815 5
252 863 5
252 874 5
252 924 5
252 947 5
252 969 5
252 971 5
253 3 5
253 4 4
253 7 4
253 9 4
253 11 4
253 12 4
253 17 5
253 22 4
253 24 5
253 33 5
253 42 5
253 48 4
253 49 5
253 50 4
253 53 5
253 59 5
253 68 5
253 69 3
253 73 5
253 79 4
253 80 5
253 93 5
253 94 4
253 97 4
253 98 4
253 100 4
253 117 5
253 122 5
253 125 4
253 132 4
253 143 4
253 154 5
253 156 5
253 157 4
253 158 5
253 164 5
253 168 4
253 172 4
253 174 4
253 181 4
253 186 4
253 188 4
253 196 4
253 204 4
253 210 4
253 231 5
253 233 4
253 238 5
253 239 5
253 246 5
253 248 5
253 254 5
253 258 5
253 268 5
253 276 5
253 288 4
253 298 5
253 318 4
253 354 5
253 356 4
253 357 4
253 364 5
253 367 5
253 369 5
253 384 5
253 385 4
253 393 4
253 401 4
253 402 4
253 410 4
253 412 5
253 416 4
253 421 5
253 423 3
253 424 5
253 427 4
253 456 5
253 471 4
253 475 5
253 476 5
253 496 4
253 508 4
253 509 4
253 515 5
253 550 5
253 552 5
253 566 4
253 568 4
253 578 5
253 586 5
253 591 4
253 628 4
253 651 4
253 655 4
253 684 4
253 693 5
253 697 5
253 717 5
253 721 5
253 742 4
253 871 5
253 959 5
253 963 5
253 975 5
254 1 2
254 11 1
254 12 1
254 15 2
254 22 2
254 28 2
254 50 2
254 51 1
254 55 1
254 56 2
254 58 1
254 66 1
254 69 2
254 70 2
254 73 1
254 76 1
254 77 1
254 79 2
254 82 2
254 87 2
254 88 1
254 89 2
254 96 2
254 97 2
254 98 2
254 99 2
254 100 2
254 107 1
254 114 1
254 117 1
254 118 2
254 121 2
254 124 1
254 131 1
254 133 2
254 134 1
254 136 1
254 143 2
254 144 2
254 153 1
254 161 2
254 162 1
254 164 1
254 169 1
254 172 2
254 173 2
254 174 2
254 181 2
254 182 1
254 185 2
254 191 2
254 195 2
254 196 1
254 197 2
254 199 2
254 202 2
254 203 1
254 204 2
254 210 2
254 211 2
254 215 1
254 222 1
254 228 2
254 234 2
254 237 2
254 245 1
254 248 1
254 250 1
254 255 1
254 257 1
254 258 1
254 259 1
254 260 1
254 270 1
254 272 1
254 277 1
254 279 1
254 286 2
254 289 1
254 293 1
254 300 2
254 310 1
254 315 1
254 316 1
254 317 1
254 318 1
254 322 1
254 323 1
254 326 1
254 356 1
254 357 2
254 378 1
254 385 2
254 392 1
254 414 1
254 418 2
254 419 1
254 423 2
254 427 2
254 431 1
254 434 1
254 435 2
254 451 1
254 465 1
254 468 1
254 474 1
254 478 1
254 479 2
254 482 1
254 483 2
254 484 1
254 485 2
254 487 1
254 490 1
254 492 1
254 493 1
254 496 2
254 497 1
254 507 1
254 509 1
254 519 1
254 520 1
254 526 1
254 528 1
254 531 1
254 566 1
254 568 2
254 603 2
254 605 1
254 607 1
254 610 1
254 612 1
254 614 1
254 627 1
254 631 1
254 633 1
254 642 1
254 649 1
254 651 1
254 654 1
254 655 1
254 657 2
254 659 2
254 660 1
254 661 2
254 678 1
254 685 1
254 686 1
254 692 1
254 693 1
254 694 1
254 705 2
254 707 1
254 724 1
254 735 1
254 736 1
254 740 1
254 742 1
254 746 1
254 836 1
254 837 1
254 842 1
254 873 1
254 875 1
254 879 1
254 939 1
254 945 1
254 956 1
254 968 1
255 1 4
255 2 4
255 4 4
255 7 4
255 8 4
255 9 4
255 12 4
255 14 3
255 17 4
255 20 4
255 24 4
255 25 4
255 31 4
255 39 4
255 40 4
255 42 4
255 44 4
255 47 4
255 53 4
255 56 3
255 57 4
255 58 4
255 64 3
255 69 4
255 70 3
255 71 4
255 87 4
255 95 4
255 96 3
255 97 4
255 98 4
255 100 4
255 118 4
255 123 4
255 125 4
255 126 4
255 127 4
255 135 3
255 148 4
255 161 4
255 170 3
255 174 3
255 176 3
255 191 4
255 196 4
255 197 3
255 204 4
255 214 4
255 217 4
255 222 4
255 223 3
255 228 3
255 234 4
255 237 4
255 241 4
255 245 4
255 252 4
255 255 4
255 257 4
255 265 4
255 270 4
255 275 4
255 276 4
255 277 4
255 279 4
255 281 4
255 282 4
255 288 4
255 289 4
255 291 4
255 292 4
255 293 4
255 300 4
255 301 4
255 304 4
255 307 4
255 313 4
255 317 4
255 318 4
255 321 4
255 323 4
255 334 4
255 343 4
255 380 4
255 382 4
255 393 4
255 402 4
255 405 4
255 423 4
255 428 4
255 447 4
255 455 4
255 462 3
255 465 4
255 471 4
255 475 4
255 504 4
255 508 4
255 511 4
255 515 4
255 518 4
255 529 4
255 531 4
255 582 4
255 584 4
255 591 4
255 597 4
255 627 4
255 628 4
255 629 4
255 647 4
255 660 4
255 678 4
255 692 4
255 694 4
255 709 4
255 724 4
255 727 4
255 738 4
255 747 4
255 755 4
255 778 4
255 898 4
255 934 4
255 939 4
256 1 3
256 3 2
256 4 2
256 9 3
256 12 3
256 13 2
256 22 3
256 23 2
256 32 2
256 42 2
256 46 2
256 50 3
256 53 2
256 54 2
256 57 2
256 60 2
256 61 2
256 68 2
256 69 3
256 71 3
256 79 3
256 80 2
256 86 3
256 91 2
256 92 2
256 95 2
256 97 3
256 100 3
256 101 2
256 111 3
256 121 3
256 125 3
256 127 3
256 133 2
256 135 3
256 143 2
256 161 2
256 168 3
256 170 2
256 172 3
256 174 3
256 175 3
256 177 2
256 179 3
256 181 3
256 182 2
256 185 2
256 186 3
256 187 3
256 188 2
256 194 3
256 196 3
256 197 3
256 200 2
256 202 3
256 210 3
256 211 3
256 218 2
256 222 2
256 226 2
256 228 2
256 231 2
256 232 2
256 234 2
256 238 3
256 268 2
256 273 2
256 274 2
256 282 2
256 286 3
256 294 2
256 325 2
256 346 2
256 357 3
256 366 2
256 369 2
256 380 2
256 403 3
256 410 2
256 414 2
256 419 2
256 421 2
256 423 3
256 427 3
256 431 2
256 432 2
256 433 2
256 443 2
256 448 2
256 449 2
256 452 2
256 460 2
256 461 2
256 462 2
256 474 3
256 475 2
256 479 2
256 484 2
256 490 2
256 498 3
256 505 2
256 506 2
256 508 3
256 523 3
256 546 2
256 559 2
256 568 3
256 578 2
256 581 2
256 582 3
256 603 2
256 608 2
256 616 2
256 640 2
256 655 2
256 658 2
256 660 3
256 662 2
256 672 2
256 673 2
256 693 2
256 696 2
256 708 2
256 710 2
256 715 2
256 720 2
256 721 2
256 737 2
256 743 2
256 763 2
256 789 2
256 806 2
256 818 2
256 845 2
256 864 2
256 919 2
256 922 2
256 933 2
256 943 2
256 955 2
256 959 2
256 963 2
256 979 2
256 985 2
257 4 5
257 7 4
257 8 5
257 9 5
257 11 5
257 12 5
257 14 4
257 15 4
257 20 5
257 27 5
257 31 5
257 38 5
257 44 5
257 45 5
257 48 5
257 50 5
257 51 5
257 52 5
257 53 5
257 54 5
257 56 5
257 57 5
257 58 5
257 59 5
257 62 5
257 64 5
257 65 5
257 66 4
257 70 5
257 77 5
257 79 5
257 82 5
257 83 4
257 86 5
257 89 5
257 91 5
257 94 4
257 96 5
257 97 5
257 100 4
257 105 4
257 114 4
257 117 4
257 118 4
257 122 4
257 127 5
257 132 5
257 134 5
257 137 4
257 143 5
257 144 5
257 148 4
257 151 4
257 155 5
257 156 5
257 157 5
257 161 5
257 162 5
257 164 5
257 168 5
257 172 5
257 173 4
257 174 5
257 176 5
257 180 5
257 181 4
257 182 5
257 183 5
257 185 5
257 186 5
257 190 5
257 191 5
257 192 5
257 193 5
257 194 5
257 195 5
257 196 5
257 197 5
257 200 5
257 203 5
257 204 5
257 209 5
257 214 5
257 215 5
257 216 5
257 218 5
257 219 5
257 226 5
257 229 5
257 230 5
257 231 5
257 232 5
257 234 5
257 235 4
257 237 4
257 239 4
257 240 4
257 241 5
257 243 4
257 248 4
257 257 4
257 258 5
257 265 5
257 282 4
257 285 4
257 288 4
257 304 4
257 318 5
257 357 5
257 366 4
257 370 4
257 372 4
257 373 4
257 378 5
257 380 5
257 385 5
257 393 4
257 395 4
257 401 5
257 402 5
257 403 5
257 405 4
257 410 4
257 411 4
257 412 4
257 417 5
257 425 5
257 428 5
257 436 5
257 443 5
257 448 5
257 450 5
257 452 5
257 453 4
257 455 4
257 456 4
257 458 4
257 462 5
257 469 5
257 470 5
257 471 4
257 472 4
257 473 4
257 474 5
257 476 4
257 483 5
257 500 5
257 507 5
257 509 5
257 527 5
257 529 5
257 531 5
257 540 5
257 546 4
257 549 5
257 553 4
257 559 5
257 566 5
257 568 5
257 582 5
257 584 5
257 588 5
257 597 4
257 623 4
257 628 4
257 629 5
257 631 5
257 632 5
257 636 5
257 640 5
257 651 5
257 655 5
257 658 5
257 664 5
257 673 5
257 679 5
257 692 5
257 699 4
257 704 5
257 708 5
257 709 4
257 717 4
257 720 5
257 722 4
257 727 5
257 729 4
257 732 4
257 739 4
257 742 4
257 744 4
257 747 4
257 755 4
257 756 4
257 758 4
257 769 4
257 770 5
257 775 4
257 783 5
257 792 5
257 819 4
257 825 4
257 841 4
257 845 4
257 871 4
257 931 4
257 934 4
257 948 4
257 949 4
257 959 4
257 980 5
258 8 4
258 9 4
258 12 4
258 13 4
258 14 4
258 20 4
258 23 5
258 25 4
258 28 4
258 32 4
258 48 4
258 50 4
258 57 4
258 58 4
258 86 4
258 96 5
258 98 4
258 117 4
258 121 4
258 124 4
258 126 4
258 127 5
258 129 4
258 134 4
258 143 4
258 144 4
258 147 4
258 152 4
258 169 4
258 174 5
258 178 4
258 179 4
258 180 5
258 181 4
258 182 5
258 183 5
258 189 4
258 190 5
258 191 4
258 192 4
258 193 4
258 195 5
258 203 4
258 208 4
258 209 5
258 234 4
258 237 4
258 238 5
258 245 4
258 250 4
258 255 4
258 273 4
258 278 4
258 282 4
258 283 4
258 284 4
258 285 4
258 286 4
258 287 4
258 288 4
258 293 4
258 298 4
258 301 3
258 304 4
258 307 4
258 317 4
258 318 5
258 319 4
258 321 4
258 330 4
258 333 4
258 346 4
258 357 4
258 387 4
258 405 4
258 408 4
258 410 4
258 423 4
258 425 4
258 427 4
258 430 4
258 467 4
258 469 4
258 473 4
258 474 4
258 496 4
258 509 4
258 514 4
258 517 4
258 521 4
258 526 4
258 529 4
258 530 4
258 546 4
258 582 4
258 588 4
258 589 4
258 591 4
258 597 4
258 603 4
258 632 4
258 644 4
258 648 4
258 651 4
258 654 5
258 663 4
258 685 4
258 694 4
258 696 4
258 704 4
258 709 4
258 717 4
258 736 4
258 742 4
258 750 4
258 753 4
258 792 4
258 844 4
258 847 4
258 896 4
258 925 4
258 939 4
258 952 4
258 956 4
258 980 4
259 1 4
259 3 3
259 7 3
259 8 3
259 15 4
259 16 3
259 19 3
259 22 3
259 25 3
259 100 3
259 108 2
259 111 3
259 117 3
259 120 3
259 121 4
259 123 2
259 134 3
259 147 3
259 148 3
259 164 2
259 172 3
259 174 3
259 181 3
259 194 3
259 216 3
259 220 3
259 222 3
259 225 3
259 230 2
259 245 3
259 249 3
259 250 3
259 255 3
259 258 2
259 264 2
259 278 3
259 282 3
259 286 3
259 289 3
259 291 3
259 295 3
259 300 3
259 301 3
259 322 3
259 323 3
259 328 2
259 332 2
259 333 3
259 336 3
259 357 3
259 358 2
259 411 3
259 472 3
259 473 3
259 523 3
259 546 3
259 568 3
259 596 3
259 597 3
259 651 3
259 676 3
259 678 3
259 685 3
259 687 2
259 742 4
259 748 3
259 815 3
259 825 3
259 827 3
259 832 3
259 846 3
259 864 3
259 866 3
259 873 3
259 879 2
259 934 3
259 969 3
259 978 2
259 989 2
260 1 3
260 7 2
260 10 2
260 14 2
260 20 2
260 117 3
260 127 3
260 129 2
260 146 2
260 221 2
260 224 1
260 242 2
260 248 2
260 250 2
260 253 2
260 257 3
260 258 3
260 273 2
260 275 2
260 276 3
260 279 2
260 286 3
260 289 2
260 294 2
260 297 2
260 301 2
260 302 3
260 303 2
260 307 3
260 311 2
260 322 2
260 327 2
260 458 2
260 515 2
260 532 2
260 591 2
260 676 2
260 713 2
260 744 2
261 121 3
261 158 2
261 242 2
261 255 2
261 269 3
261 285 3
261 302 3
261 304 2
261 319 2
261 347 2
261 682 2
262 11 3
262 22 3
262 100 4
262 136 3
262 237 4
262 259 3
262 271 3
262 288 3
262 289 3
262 292 3
262 300 3
262 313 4
262 321 3
262 332 3
262 358 3
262 678 3
262 682 3
262 866 3
262 895 3
263 3 2
263 7 2
263 10 2
263 14 2
263 15 2
263 20 2
263 24 2
263 50 2
263 93 2
263 100 2
263 103 2
263 107 2
263 112 2
263 116 3
263 117 2
263 121 2
263 124 2
263 126 2
263 127 2
263 137 2
263 147 1
263 149 2
263 150 2
263 151 2
263 221 2
263 224 2
263 225 2
263 235 2
263 242 2
263 243 2
263 244 2
263 248 2
263 249 2
263 250 2
263 253 2
263 257 2
263 258 2
263 268 3
263 270 2
263 274 2
263 282 2
263 283 2
263 284 2
263 285 3
263 288 2
263 301 3
263 304 2
263 306 2
263 311 2
263 319 2
263 347 2
263 362 2
263 455 2
263 472 2
263 473 2
263 475 2
263 477 2
263 508 2
263 544 2
263 593 2
263 596 2
263 597 2
263 689 2
263 741 2
263 744 2
263 751 2
263 819 2
263 845 2
263 864 2
263 870 2
263 880 2
263 887 2
263 926 2
263 930 2
263 950 2
263 952 2
263 988 2
263 993 2
264 16 1
264 116 1
264 176 2
264 181 2
264 194 2
264 248 1
264 258 3
264 260 2
264 269 3
264 286 3
264 289 2
264 293 1
264 298 2
264 300 3
264 301 2
264 321 2
264 322 1
264 328 2
264 333 2
264 358 1
264 482 2
264 603 2
264 678 2
264 705 1
264 709 1
264 748 2
264 879 2
265 1 3
265 7 3
265 8 2
265 12 2
265 22 3
265 28 2
265 32 3
265 56 3
265 64 2
265 87 3
265 97 2
265 100 3
265 109 3
265 114 2
265 132 3
265 134 2
265 136 2
265 143 2
265 154 2
265 169 2
265 172 3
265 174 3
265 175 3
265 179 2
265 180 2
265 181 3
265 190 2
265 191 2
265 194 2
265 198 2
265 199 2
265 202 3
265 257 3
265 258 3
265 283 2
265 286 2
265 300 3
265 318 2
265 319 3
265 395 2
265 404 2
265 423 2
265 428 2
265 474 2
265 475 3
265 478 2
265 481 2
265 496 2
265 529 2
265 584 2
265 588 2
265 603 2
265 615 2
265 638 2
265 651 2
265 656 2
265 705 2
265 855 2
266 2 5
266 11 4
266 22 4
266 24 5
266 27 5
266 50 4
266 55 4
266 56 4
266 62 4
266 79 3
266 87 5
266 89 4
266 95 4
266 96 4
266 98 4
266 117 4
266 127 4
266 128 5
266 144 4
266 174 3
266 181 4
266 182 4
266 183 3
266 184 5
266 187 5
266 188 4
266 210 3
266 231 5
266 232 5
266 258 5
266 265 4
266 268 5
266 269 5
266 273 5
266 288 5
266 292 5
266 294 5
266 302 5
266 306 5
266 308 5
266 313 5
266 315 5
266 321 5
266 324 5
266 326 5
266 327 5
266 328 5
266 331 5
266 333 5
266 334 5
266 346 5
266 349 5
266 350 5
266 354 5
266 357 4
266 385 4
266 405 4
266 455 5
266 518 5
266 546 4
266 550 4
266 566 4
266 568 4
266 651 5
266 682 5
266 748 5
266 873 5
266 882 5
266 885 5
266 898 5
266 902 5
266 908 5
266 995 5
267 7 4
267 10 5
267 24 4
267 50 4
267 93 5
267 100 4
267 108 5
267 109 4
267 150 4
267 240 4
267 246 5
267 248 4
267 249 4
267 264 5
267 268 4
267 269 5
267 273 4
267 276 4
267 298 4
267 327 4
267 340 5
267 455 5
267 475 4
267 742 4
267 762 5
267 919 5
268 1 3
268 4 2
268 7 3
268 8 2
268 13 2
268 15 2
268 19 2
268 22 3
268 23 2
268 25 2
268 31 2
268 39 1
268 42 1
268 47 2
268 51 2
268 56 3
268 58 2
268 69 2
268 70 2
268 71 2
268 95 2
268 96 2
268 97 2
268 98 3
268 100 3
268 111 2
268 116 2
268 118 2
268 121 2
268 126 2
268 132 2
268 137 2
268 144 2
268 150 2
268 153 2
268 157 2
268 159 1
268 160 2
268 170 2
268 172 2
268 173 2
268 178 2
268 180 2
268 181 3
268 182 2
268 191 2
268 192 2
268 195 3
268 200 2
268 209 2
268 214 2
268 216 2
268 222 2
268 238 2
268 246 2
268 251 1
268 257 2
268 258 2
268 273 2
268 283 2
268 285 2
268 293 2
268 294 2
268 297 1
268 318 2
268 321 2
268 357 2
268 367 2
268 377 1
268 405 2
268 411 2
268 423 2
268 427 2
268 428 1
268 435 2
268 462 2
268 469 1
268 471 2
268 475 2
268 498 2
268 507 2
268 529 2
268 544 1
268 582 2
268 603 2
268 612 1
268 642 2
268 655 2
268 662 1
268 692 2
268 699 2
268 724 2
268 742 2
268 826 1
268 856 1
268 926 1
268 952 1
269 64 5
269 65 5
269 127 5
269 134 5
269 136 5
269 153 5
269 194 5
269 199 5
269 215 5
269 286 5
269 306 5
269 483 5
269 484 5
269 490 5
269 495 5
269 507 5
269 511 5
269 520 5
269 530 5
269 582 5
269 605 5
269 610 5
269 611 5
269 641 5
269 654 5
269 656 5
269 705 5
269 855 5
269 923 5
270 1 2
270 7 3
270 9 2
270 13 2
270 19 2
270 50 2
270 93 2
270 100 2
270 118 2
270 125 2
270 150 1
270 181 2
270 221 2
270 235 2
270 248 2
270 257 2
270 258 3
270 276 2
270 283 2
270 284 2
270 285 2
270 286 2
270 293 2
270 294 2
270 295 2
270 360 2
270 458 2
270 471 2
270 475 2
270 508 2
270 544 2
270 546 2
270 813 2
270 824 2
270 919 2
270 950 2
270 952 2
271 1 4
271 8 5
271 50 4
271 94 5
271 95 5
271 99 5
271 140 5
271 225 5
271 404 5
271 418 5
271 477 5
271 501 5
271 596 5
271 768 5
271 878 5
271 932 5
271 969 5
272 1 3
272 2 2
272 3 2
272 4 2
272 7 3
272 11 3
272 12 3
272 21 2
272 24 2
272 27 2
272 28 3
272 29 2
272 33 2
272 38 2
272 41 2
272 43 2
272 49 2
272 51 2
272 56 3
272 63 2
272 64 3
272 66 2
272 68 2
272 69 2
272 71 2
272 72 2
272 73 2
272 78 2
272 79 3
272 80 2
272 82 3
272 88 2
272 90 2
272 94 2
272 97 2
272 99 2
272 101 2
272 109 2
272 117 3
272 118 2
272 120 2
272 121 3
272 122 2
272 123 2
272 132 3
272 135 2
272 141 2
272 151 2
272 161 2
272 168 3
272 172 3
272 173 3
272 174 3
272 175 2
272 177 2
272 181 3
272 183 3
272 185 2
272 186 2
272 193 2
272 195 3
272 196 3
272 204 3
272 210 3
272 215 2
272 217 2
272 218 2
272 226 2
272 228 3
272 229 2
272 232 2
272 233 2
272 234 3
272 239 2
272 240 2
272 250 3
272 254 2
272 255 3
272 258 4
272 260 2
272 271 3
272 288 3
272 313 4
272 318 3
272 323 3
272 343 2
272 355 2
272 358 2
272 362 2
272 365 2
272 368 2
272 370 2
272 373 2
272 374 2
272 375 2
272 378 2
272 380 2
272 384 2
272 386 2
272 391 2
272 392 2
272 393 2
272 395 2
272 400 2
272 401 2
272 404 2
272 411 3
272 416 2
272 417 2
272 418 2
272 431 2
272 443 2
272 449 2
272 465 2
272 473 2
272 475 2
272 477 2
272 485 2
272 496 2
272 501 2
272 541 2
272 546 3
272 548 2
272 550 2
272 552 2
272 559 2
272 561 2
272 562 2
272 567 2
272 568 2
272 569 2
272 576 2
272 577 2
272 578 2
272 584 2
272 588 2
272 597 3
272 609 2
272 625 2
272 633 2
272 655 2
272 665 2
272 672 2
272 685 3
272 689 2
272 715 2
272 720 2
272 739 2
272 742 3
272 743 2
272 746 2
272 747 2
272 751 3
272 755 2
272 756 2
272 758 2
272 760 2
272 763 3
272 768 2
272 771 2
272 780 2
272 790 2
272 796 2
272 810 2
272 826 2
272 834 2
272 877 2
272 890 2
272 895 2
272 924 2
272 928 2
272 930 2
272 931 2
272 940 2
272 946 2
272 951 2
272 977 2
273 7 3
273 9 3
273 10 4
273 14 3
273 25 4
273 116 3
273 124 4
273 129 4
273 137 3
273 242 4
273 257 4
273 275 3
273 276 4
273 293 4
273 302 4
273 303 4
273 319 4
273 327 4
273 547 3
273 813 3
274 7 3
274 8 2
274 11 2
274 12 3
274 13 2
274 14 3
274 15 2
274 22 2
274 23 2
274 26 2
274 42 2
274 44 2
274 45 2
274 48 2
274 50 4
274 52 2
274 58 2
274 60 1
274 61 2
274 64 3
274 66 2
274 68 2
274 69 3
274 70 3
274 71 3
274 72 2
274 73 2
274 76 1
274 77 2
274 79 3
274 83 2
274 86 2
274 87 2
274 88 2
274 89 3
274 92 2
274 97 2
274 98 3
274 99 2
274 100 4
274 107 1
274 116 2
274 117 2
274 121 3
274 131 2
274 132 3
274 134 2
274 135 3
274 136 2
274 141 1
274 150 2
274 161 2
274 168 3
274 170 2
274 171 2
274 172 2
274 173 3
274 175 3
274 176 2
274 178 2
274 179 2
274 180 2
274 181 3
274 182 2
274 183 3
274 191 3
274 192 2
274 193 2
274 194 2
274 195 3
274 196 2
274 198 2
274 203 2
274 205 2
274 207 1
274 208 2
274 210 3
274 211 2
274 212 2
274 215 2
274 216 3
274 218 2
274 221 2
274 227 2
274 230 2
274 234 2
274 237 3
274 238 3
274 244 1
274 248 2
274 252 2
274 257 2
274 258 3
274 265 2
274 274 2
274 275 3
274 276 2
274 282 2
274 283 2
274 285 2
274 288 2
274 289 2
274 291 1
274 293 2
274 298 2
274 302 2
274 313 3
274 315 2
274 316 2
274 317 2
274 322 2
274 326 2
274 346 1
274 356 1
274 380 2
274 382 2
274 385 2
274 410 2
274 414 2
274 416 2
274 418 2
274 419 2
274 430 2
274 434 1
274 435 2
274 436 2
274 461 1
274 462 2
274 463 2
274 470 2
274 474 2
274 475 2
274 478 2
274 480 2
274 481 1
274 483 3
274 484 2
274 486 2
274 488 2
274 489 2
274 490 2
274 491 2
274 493 1
274 495 2
274 496 2
274 497 2
274 498 2
274 499 2
274 503 1
274 506 2
274 507 2
274 508 2
274 511 2
274 513 2
274 514 2
274 517 2
274 518 2
274 519 2
274 520 2
274 521 2
274 525 2
274 526 1
274 527 2
274 528 2
274 529 2
274 530 2
274 553 1
274 566 2
274 584 1
274 591 2
274 601 1
274 602 1
274 603 2
274 604 1
274 605 1
274 607 1
274 610 1
274 614 1
274 615 1
274 618 1
274 628 2
274 633 1
274 641 1
274 642 2
274 646 1
274 648 1
274 649 1
274 651 2
274 653 1
274 657 2
274 659 2
274 660 2
274 661 2
274 664 2
274 676 1
274 684 2
274 685 2
274 692 2
274 696 1
274 697 2
274 699 2
274 705 2
274 707 2
274 708 2
274 709 2
274 735 2
274 736 2
274 744 2
274 756 2
274 789 1
274 792 2
274 836 1
274 848 1
274 921 1
274 923 2
274 939 1
274 943 1
274 945 1
274 963 2
274 966 1
274 971 2
274 996 1
275 70 4
275 100 4
275 127 5
275 259 3
275 286 4
275 313 3
275 381 3
276 4 1
276 26 1
276 33 1
276 56 3
276 63 1
276 67 1
276 72 1
276 73 1
276 80 1
276 83 1
276 88 1
276 168 2
276 173 2
276 175 2
276 186 2
276 202 2
276 204 2
276 209 2
276 211 2
276 216 2
276 232 1
276 238 2
276 239 1
276 288 1
276 294 1
276 300 1
276 328 1
276 343 1
276 367 1
276 386 1
276 435 2
276 579 1
276 648 1
276 655 1
276 692 1
276 710 1
276 712 1
276 715 1
276 734 1
276 738 1
276 748 1
276 765 1
276 781 1
276 790 1
276 792 1
276 890 1
276 944 1
276 999 1
277 20 5
277 25 5
277 36 5
277 49 5
277 88 5
277 90 5
277 237 5
277 255 5
277 282 5
277 289 5
277 294 5
277 369 5
277 553 5
277 709 5
277 722 5
277 731 5
277 732 5
277 756 5
277 781 5
277 846 5
278 1 5
278 7 5
278 17 5
278 23 5
278 26 5
278 28 5
278 40 5
278 42 5
278 48 5
278 50 5
278 65 5
278 69 5
278 72 5
278 77 5
278 79 5
278 81 5
278 93 5
278 98 5
278 111 5
278 122 5
278 134 5
278 143 5
278 145 5
278 151 5
278 160 5
278 161 5
278 188 5
278 196 5
278 216 5
278 218 5
278 219 5
278 222 5
278 231 5
278 237 5
278 238 5
278 255 5
278 276 5
278 282 5
278 288 5
278 300 5
278 318 5
278 327 5
278 340 5
278 350 5
278 354 5
278 357 5
278 367 5
278 369 5
278 381 5
278 392 5
278 403 5
278 410 5
278 412 5
278 427 5
278 447 5
278 451 5
278 467 5
278 469 5
278 518 5
278 568 5
278 591 5
278 604 5
278 616 5
278 655 5
278 658 5
278 673 5
278 684 5
278 743 5
278 763 5
278 843 5
278 866 5
278 959 5
278 975 5
279 1 3
279 8 3
279 24 2
279 28 3
279 31 3
279 50 3
279 54 2
279 55 2
279 58 3
279 66 3
279 70 3
279 71 3
279 79 3
279 82 3
279 88 3
279 89 3
279 95 3
279 96 3
279 97 3
279 100 3
279 101 2
279 108 2
279 111 3
279 117 3
279 118 3
279 121 3
279 122 2
279 127 3
279 133 3
279 135 3
279 144 3
279 147 2
279 148 2
279 153 3
279 161 3
279 164 2
279 168 3
279 172 3
279 173 3
279 174 3
279 175 3
279 176 3
279 177 3
279 179 3
279 180 3
279 181 3
279 182 3
279 183 3
279 185 2
279 187 3
279 188 2
279 189 2
279 190 3
279 195 3
279 197 3
279 198 2
279 201 2
279 204 3
279 209 3
279 210 3
279 211 3
279 213 3
279 215 3
279 216 4
279 228 3
279 230 3
279 241 3
279 248 2
279 249 2
279 255 2
279 257 2
279 258 3
279 261 2
279 264 2
279 265 3
279 266 2
279 270 2
279 272 2
279 274 3
279 281 2
279 282 3
279 286 3
279 288 2
279 294 2
279 295 2
279 298 2
279 300 3
279 304 2
279 325 2
279 328 2
279 356 2
279 358 2
279 380 2
279 385 3
279 398 2
279 405 3
279 421 2
279 422 2
279 423 3
279 436 2
279 455 2
279 463 2
279 472 2
279 479 3
279 483 3
279 489 2
279 510 3
279 511 3
279 523 3
279 526 2
279 528 3
279 535 2
279 546 2
279 566 3
279 588 3
279 602 2
279 604 2
279 616 2
279 629 2
279 632 2
279 640 2
279 651 3
279 655 3
279 680 2
279 688 2
279 692 3
279 727 2
279 732 3
279 739 3
279 748 2
279 751 2
279 752 2
279 840 2
279 879 2
279 931 2
279 945 2
280 8 5
280 12 5
280 64 5
280 89 5
280 96 5
280 100 5
280 114 5
280 127 5
280 165 5
280 172 5
280 174 5
280 175 5
280 183 5
280 190 5
280 191 5
280 213 5
280 234 5
280 237 5
280 257 5
280 258 4
280 265 5
280 272 5
280 298 5
280 347 5
280 462 5
280 479 5
280 483 5
280 504 5
280 510 5
280 511 5
280 517 5
280 603 5
280 615 5
280 642 5
280 661 5
280 705 5
280 863 5
281 4 4
281 42 4
281 50 4
281 66 4
281 70 4
281 86 4
281 100 4
281 153 5
281 163 5
281 173 4
281 190 5
281 197 4
281 204 5
281 207 4
281 210 4
281 216 4
281 283 4
281 313 4
281 318 5
281 322 4
281 367 4
281 427 4
281 430 5
281 479 4
281 484 5
281 505 4
281 507 4
281 524 4
281 648 4
281 650 4
281 659 5
281 678 4
281 692 4
281 780 4
282 127 3
282 257 3
282 269 2
282 288 2
282 295 2
282 298 2
282 311 2
282 315 2
282 346 2
282 876 2
282 881 2
282 988 2
283 1 2
283 12 1
283 20 1
283 99 1
283 107 1
283 109 1
283 116 1
283 121 2
283 151 1
283 180 1
283 195 1
283 197 1
283 199 1
283 229 1
283 230 1
283 250 1
283 257 1
283 270 1
283 271 1
283 274 1
283 275 1
283 277 1
283 286 1
283 290 1
283 313 1
283 318 1
283 365 1
283 380 1
283 405 1
283 449 1
283 450 1
283 462 1
283 480 1
283 538 1
283 582 1
283 612 1
283 743 1
283 900 1
284 1 3
284 7 4
284 9 3
284 15 3
284 24 3
284 25 3
284 28 3
284 29 2
284 50 4
284 51 3
284 53 2
284 56 4
284 69 3
284 70 3
284 71 3
284 73 2
284 79 4
284 82 4
284 94 2
284 96 4
284 97 3
284 98 4
284 111 2
284 122 2
284 135 3
284 136 2
284 141 2
284 143 3
284 144 3
284 150 2
284 151 3
284 168 4
284 173 3
284 174 4
284 181 4
284 195 4
284 202 3
284 204 3
284 216 3
284 222 4
284 227 3
284 229 3
284 234 3
284 235 2
284 237 3
284 248 2
284 250 3
284 252 2
284 255 2
284 257 3
284 258 4
284 274 2
284 275 2
284 293 2
284 294 3
284 300 3
284 313 3
284 315 2
284 318 3
284 343 2
284 385 3
284 392 2
284 399 2
284 405 3
284 419 2
284 422 2
284 427 3
284 431 3
284 449 2
284 451 3
284 463 2
284 472 2
284 510 3
284 550 2
284 554 2
284 560 2
284 562 2
284 568 3
284 578 2
284 588 3
284 597 3
284 625 2
284 651 3
284 655 3
284 665 2
284 679 2
284 692 3
284 699 2
284 746 2
284 778 2
284 823 2
284 829 2
284 849 2
284 879 2
284 924 2
284 926 2
285 288 4
285 289 5
285 303 5
285 307 5
285 313 4
285 319 5
285 321 5
285 326 5
285 330 5
285 347 5
285 748 5
286 1 3
286 3 2
286 7 2
286 10 2
286 13 3
286 14 3
286 15 3
286 93 3
286 109 2
286 111 3
286 121 3
286 123 2
286 124 2
286 125 3
286 127 3
286 129 2
286 137 2
286 146 2
286 147 3
286 150 2
286 151 3
286 181 3
286 220 2
286 221 3
286 235 2
286 236 2
286 237 3
286 245 2
286 248 2
286 250 2
286 255 2
286 257 2
286 258 2
286 262 2
286 264 2
286 270 2
286 273 2
286 275 3
286 276 3
286 277 2
286 280 2
286 282 2
286 284 2
286 285 3
286 286 3
286 287 3
286 295 2
286 298 2
286 299 2
286 300 2
286 305 2
286 319 2
286 321 2
286 322 2
286 327 2
286 331 2
286 332 2
286 333 2
286 460 2
286 471 2
286 475 2
286 476 3
286 508 3
286 591 2
286 595 2
286 597 2
286 620 2
286 628 2
286 678 2
286 689 2
286 690 2
286 696 2
286 717 2
286 718 2
286 742 2
286 748 2
286 762 3
286 766 2
286 818 2
286 823 3
286 846 2
286 864 2
286 872 2
286 874 2
286 879 2
286 880 2
286 882 2
286 886 2
286 887 2
286 924 2
286 935 2
286 936 2
286 975 2
286 994 2
286 995 2
287 1 2
287 2 1
287 3 1
287 4 1
287 12 2
287 17 1
287 25 1
287 28 1
287 31 1
287 38 1
287 42 1
287 43 1
287 45 1
287 48 1
287 49 1
287 50 3
287 55 1
287 58 1
287 66 1
287 68 1
287 69 2
287 71 2
287 73 1
287 76 1
287 77 1
287 79 2
287 81 1
287 82 2
287 87 1
287 88 1
287 92 1
287 95 1
287 96 2
287 97 2
287 99 1
287 100 3
287 111 1
287 117 1
287 121 2
287 125 1
287 128 1
287 133 1
287 136 1
287 140 1
287 143 1
287 144 2
287 150 1
287 160 1
287 161 2
287 172 2
287 174 3
287 176 2
287 179 2
287 181 3
287 183 2
287 188 1
287 191 2
287 194 2
287 195 2
287 196 2
287 202 2
287 206 1
287 215 2
287 216 2
287 218 1
287 222 2
287 226 1
287 227 1
287 230 2
287 232 1
287 237 2
287 239 1
287 249 1
287 252 1
287 255 1
287 257 1
287 258 2
287 259 1
287 260 1
287 265 2
287 270 1
287 272 1
287 273 1
287 276 1
287 280 1
287 282 1
287 286 2
287 288 2
287 289 1
287 293 1
287 294 1
287 298 1
287 300 1
287 318 2
287 333 1
287 347 1
287 356 1
287 366 1
287 367 1
287 378 1
287 402 1
287 411 1
287 412 1
287 423 2
287 432 1
287 455 1
287 462 1
287 470 1
287 471 1
287 474 2
287 501 1
287 540 1
287 541 1
287 546 2
287 549 1
287 550 1
287 566 1
287 572 1
287 578 1
287 588 2
287 591 1
287 596 1
287 597 1
287 620 1
287 627 1
287 628 1
287 651 1
287 652 1
287 658 1
287 672 1
287 679 1
287 684 1
287 685 1
287 686 1
287 692 1
287 710 1
287 713 1
287 727 1
287 732 1
287 735 1
287 739 1
287 742 1
287 747 1
287 748 1
287 768 1
287 772 1
287 779 1
287 781 1
287 790 1
287 794 1
287 820 1
287 823 1
287 833 1
287 845 1
287 921 1
287 932 1
287 939 1
287 941 1
287 955 1
287 956 1
287 978 1
288 1 2
288 8 1
288 9 1
288 11 1
288 22 1
288 28 1
288 33 1
288 58 1
288 64 2
288 69 2
288 70 1
288 83 1
288 87 1
288 96 2
288 98 2
288 111 1
288 133 1
288 135 2
288 154 1
288 164 1
288 168 2
288 172 2
288 173 2
288 176 2
288 180 1
288 181 3
288 182 1
288 183 2
288 185 1
288 186 1
288 190 1
288 196 1
288 198 1
288 199 1
288 200 1
288 203 1
288 207 1
288 208 1
288 210 2
288 211 1
288 222 2
288 228 2
288 230 1
288 238 1
288 243 1
288 245 1
288 258 2
288 260 1
288 265 2
288 269 1
288 289 1
288 292 1
288 299 1
288 304 1
288 318 2
288 328 1
288 333 1
288 357 2
288 358 1
288 385 1
288 405 1
288 414 1
288 419 1
288 429 1
288 434 1
288 468 1
288 474 1
288 480 1
288 485 1
288 491 1
288 493 1
288 496 1
288 498 1
288 500 1
288 510 1
288 511 2
288 514 1
288 515 1
288 520 1
288 521 1
288 523 1
288 526 1
288 527 1
288 568 1
288 605 1
288 612 1
288 655 1
288 659 1
288 662 1
288 692 1
288 707 1
288 724 1
288 732 1
288 748 1
288 776 1
288 845 1
288 880 1
288 890 1
289 243 3
289 258 3
289 259 4
289 260 3
289 261 4
289 263 3
289 264 3
289 266 3
289 268 3
289 270 3
289 271 3
289 272 3
289 286 3
289 288 3
289 289 3
289 292 3
289 294 3
289 301 3
289 302 3
289 303 3
289 308 3
289 310 3
289 313 3
289 315 3
289 316 3
289 321 3
289 324 3
289 325 3
289 326 3
289 327 3
289 330 3
289 331 3
289 332 3
289 333 3
289 334 3
289 339 3
289 340 3
289 342 3
289 343 3
289 349 3
289 353 3
289 355 3
289 358 3
289 457 3
289 538 3
289 539 3
289 678 3
289 681 3
289 682 3
289 687 3
289 689 3
289 750 3
289 751 3
289 752 3
289 872 3
289 873 3
289 874 3
289 875 3
289 881 3
289 883 3
289 887 3
289 890 3
289 892 3
289 902 3
289 908 3
289 948 3
289 988 3
289 989 3
289 991 3
290 1 5
290 7 5
290 9 5
290 15 5
290 50 4
290 93 5
290 117 5
290 124 5
290 126 5
290 127 5
290 150 5
290 151 5
290 181 5
290 224 5
290 237 5
290 246 5
290 257 5
290 258 4
290 273 5
290 277 5
290 284 5
290 286 5
290 292 5
290 293 5
290 298 5
290 302 5
290 333 5
290 410 5
290 475 5
290 515 5
290 596 5
290 764 5
290 847 5
290 919 5
290 926 5
290 993 5
291 7 3
291 19 3
291 45 3
291 100 4
291 124 3
291 129 3
291 236 3
291 237 4
291 258 3
291 273 3
291 286 3
291 340 3
291 475 3
291 657 3
291 900 3
292 45 3
292 56 3
292 64 3
292 69 3
292 83 3
292 97 3
292 100 4
292 124 3
292 127 3
292 134 4
292 137 3
292 185 3
292 186 3
292 187 3
292 192 3
292 193 3
292 205 3
292 221 3
292 242 3
292 285 3
292 286 4
292 318 4
292 479 3
292 482 3
292 483 3
292 492 3
292 511 3
292 523 4
292 527 4
292 531 3
292 654 4
292 657 3
292 772 3
292 923 3
293 1 4
293 7 4
293 11 5
293 12 5
293 22 5
293 24 5
293 48 5
293 50 4
293 56 5
293 59 5
293 60 5
293 61 5
293 65 5
293 69 5
293 71 5
293 79 5
293 82 5
293 91 5
293 95 5
293 96 5
293 98 4
293 100 4
293 115 5
293 117 5
293 118 5
293 121 4
293 124 5
293 127 5
293 150 5
293 156 5
293 168 5
293 171 5
293 172 5
293 173 5
293 174 5
293 175 5
293 176 5
293 180 5
293 181 4
293 182 5
293 183 5
293 188 5
293 191 5
293 192 5
293 195 5
293 196 5
293 201 5
293 209 5
293 210 5
293 222 4
293 234 5
293 235 5
293 238 5
293 239 5
293 250 5
293 252 5
293 257 5
293 258 5
293 260 5
293 264 5
293 265 5
293 271 5
293 273 5
293 275 5
293 284 5
293 288 5
293 298 5
293 300 5
293 318 5
293 323 5
293 327 5
293 328 5
293 343 5
293 357 5
293 369 5
293 405 5
293 411 5
293 423 5
293 431 5
293 455 5
293 462 5
293 475 5
293 483 5
293 527 5
293 528 5
293 546 5
293 550 5
293 597 5
293 647 5
293 652 5
293 684 5
293 687 5
293 693 5
293 742 5
293 746 5
293 751 5
293 754 5
293 762 5
293 763 5
293 876 5
293 886 5
293 890 5
293 925 5
294 1 3
294 9 3
294 15 3
294 64 3
294 65 3
294 86 2
294 98 4
294 100 4
294 126 2
294 174 4
294 183 3
294 191 3
294 194 3
294 222 3
294 237 3
294 286 3
294 289 3
294 294 3
294 322 2
294 357 3
294 479 3
294 507 3
294 528 3
294 748 2
294 924 2
295 2 3
295 4 3
295 11 3
295 29 3
295 44 3
295 50 3
295 53 3
295 54 3
295 56 3
295 62 3
295 64 3
295 68 3
295 69 3
295 71 2
295 79 3
295 84 3
295 86 3
295 88 3
295 89 3
295 90 3
295 91 3
295 94 3
295 95 3
295 98 3
295 101 3
295 109 3
295 120 3
295 127 3
295 132 2
295 133 3
295 139 3
295 140 3
295 144 3
295 145 3
295 147 3
295 153 3
295 155 3
295 157 3
295 158 3
295 161 3
295 162 3
295 163 3
295 167 3
295 168 3
295 172 3
295 173 3
295 174 3
295 176 3
295 179 3
295 181 4
295 184 3
295 186 3
295 188 3
295 191 3
295 195 3
295 200 3
295 201 3
295 202 3
295 214 3
295 216 3
295 217 2
295 219 3
295 222 4
295 226 3
295 227 3
295 228 3
295 229 3
295 230 3
295 231 3
295 232 3
295 234 3
295 235 3
295 265 3
295 282 3
295 288 3
295 357 3
295 379 3
295 380 3
295 385 3
295 386 3
295 389 3
295 391 3
295 392 2
295 395 3
295 402 3
295 403 3
295 404 3
295 413 3
295 416 3
295 417 3
295 421 3
295 423 3
295 431 3
295 433 3
295 435 3
295 444 3
295 447 3
295 449 3
295 452 3
295 465 3
295 470 3
295 472 3
295 478 2
295 479 3
295 496 3
295 501 2
295 504 3
295 505 3
295 507 3
295 523 3
295 550 3
295 559 3
295 566 3
295 575 3
295 581 3
295 616 3
295 622 3
295 629 2
295 642 3
295 650 3
295 658 3
295 660 3
295 665 3
295 671 3
295 674 3
295 679 3
295 684 3
295 705 2
295 732 3
295 742 3
295 768 3
295 770 3
295 790 3
295 796 3
295 797 3
295 831 3
295 843 3
295 924 3
295 944 3
296 7 3
296 10 1
296 17 2
296 33 2
296 38 2
296 39 1
296 42 2
296 50 4
296 53 2
296 56 4
296 64 3
296 77 2
296 87 2
296 96 3
296 97 3
296 98 4
296 99 2
296 109 2
296 132 3
296 133 2
296 135 3
296 136 2
296 141 2
296 142 1
296 143 3
296 147 2
296 150 2
296 154 2
296 156 2
296 158 1
296 164 2
296 172 3
296 173 3
296 181 3
296 183 4
296 186 3
296 204 3
296 222 3
296 227 2
296 228 3
296 229 3
296 246 2
296 268 2
296 288 2
296 318 3
296 356 2
296 378 2
296 380 2
296 393 2
296 417 1
296 418 2
296 420 2
296 421 2
296 433 2
296 469 2
296 480 2
296 484 2
296 485 2
296 509 2
296 526 2
296 528 2
296 532 1
296 554 2
296 561 1
296 607 1
296 625 2
296 633 1
296 727 2
296 743 1
296 746 2
296 774 1
296 825 1
296 921 1
297 1 3
297 2 3
297 3 3
297 11 4
297 12 3
297 13 3
297 19 3
297 24 3
297 25 3
297 28 3
297 31 3
297 38 3
297 39 3
297 54 3
297 56 4
297 66 3
297 67 3
297 70 3
297 71 3
297 72 3
297 77 3
297 79 4
297 80 3
297 87 3
297 89 4
297 94 3
297 95 3
297 96 4
297 97 3
297 98 4
297 99 3
297 100 3
297 101 3
297 105 3
297 108 3
297 109 3
297 114 3
297 118 3
297 122 3
297 127 4
297 139 2
297 145 3
297 152 2
297 153 3
297 155 3
297 161 3
297 163 3
297 164 3
297 167 2
297 168 4
297 173 4
297 174 4
297 175 4
297 181 4
297 183 4
297 185 4
297 186 3
297 187 4
297 188 4
297 189 3
297 194 3
297 195 4
297 197 3
297 202 4
297 204 4
297 208 3
297 217 3
297 222 3
297 225 2
297 227 3
297 228 4
297 229 3
297 230 4
297 233 3
297 234 3
297 240 3
297 242 3
297 248 3
297 250 3
297 252 3
297 257 2
297 258 3
297 260 3
297 268 3
297 273 3
297 274 2
297 288 3
297 291 3
297 325 2
297 358 3
297 363 3
297 364 2
297 373 3
297 381 3
297 382 3
297 384 3
297 385 3
297 386 3
297 393 3
297 395 3
297 399 3
297 403 4
297 405 3
297 407 3
297 408 3
297 412 3
297 418 3
297 423 3
297 431 3
297 432 3
297 451 3
297 452 2
297 455 3
297 465 3
297 472 3
297 475 3
297 501 3
297 508 3
297 510 3
297 526 3
297 540 3
297 545 3
297 549 3
297 550 3
297 552 2
297 559 3
297 562 3
297 566 3
297 568 4
297 570 3
297 575 3
297 577 3
297 578 3
297 588 3
297 590 3
297 597 3
297 603 3
297 625 3
297 627 3
297 645 3
297 651 3
297 652 3
297 655 3
297 657 3
297 679 3
297 692 3
297 716 2
297 721 3
297 722 3
297 724 3
297 731 3
297 741 3
297 748 3
297 758 2
297 765 3
297 771 2
297 780 2
297 781 3
297 783 2
297 790 3
297 792 3
297 797 3
297 802 2
297 808 3
297 809 3
297 810 3
297 840 2
297 849 3
297 864 2
297 940 3
297 943 3
297 1000 3
298 10 1
298 11 1
298 12 2
298 23 2
298 32 1
298 50 2
298 53 1
298 54 1
298 56 3
298 59 1
298 61 1
298 79 2
298 83 1
298 89 2
298 98 3
298 121 2
298 124 2
298 127 2
298 136 1
298 137 1
298 144 1
298 150 1
298 151 2
298 156 1
298 160 1
298 164 1
298 168 2
298 171 1
298 172 2
298 175 2
298 176 2
298 182 2
298 183 1
298 186 1
298 187 1
298 191 2
298 192 1
298 197 2
298 202 2
298 203 2
298 204 2
298 210 2
298 218 1
298 222 2
298 228 1
298 229 1
298 258 2
298 262 1
298 271 1
298 275 2
298 288 1
298 293 1
298 302 1
298 340 1
298 381 1
298 425 1
298 435 2
298 443 2
298 447 1
298 448 1
298 449 1
298 464 1
298 474 2
298 475 1
298 483 2
298 484 1
298 486 1
298 489 1
298 512 1
298 515 1
298 522 1
298 525 1
298 548 1
298 554 1
298 558 1
298 594 1
298 607 1
298 628 1
298 631 1
298 649 1
298 652 1
298 656 1
298 664 1
298 675 1
298 693 1
298 754 1
298 772 1
298 806 1
298 887 1
298 919 1
298 922 1
298 933 1
298 985 1
299 7 2
299 8 2
299 11 2
299 12 2
299 50 3
299 69 1
299 87 1
299 97 2
299 117 2
299 132 2
299 153 2
299 157 1
299 176 2
299 177 2
299 181 3
299 182 2
299 183 2
299 191 2
299 193 2
299 194 2
299 198 1
299 202 2
299 207 1
299 210 2
299 213 1
299 215 1
299 238 2
299 251 1
299 271 1
299 272 2
299 275 2
299 295 1
299 300 2
299 301 2
299 312 1
299 313 3
299 318 2
299 326 1
299 357 1
299 414 1
299 425 1
299 427 2
299 463 1
299 474 2
299 482 2
299 483 2
299 484 2
299 486 1
299 497 1
299 511 2
299 514 1
299 516 1
299 520 2
299 521 1
299 530 1
299 539 1
299 605 1
299 651 2
299 657 2
299 661 2
299 663 1
299 690 2
299 692 1
299 742 2
299 750 2
299 879 2
299 886 1
299 887 1
299 902 1
300 1 5
300 3 5
300 8 5
300 9 5
300 15 5
300 25 5
300 28 5
300 30 5
300 39 5
300 42 5
300 43 5
300 44 5
300 45 5
300 50 5
300 56 5
300 58 5
300 59 5
300 61 5
300 62 5
300 69 5
300 70 5
300 72 5
300 77 5
300 83 5
300 88 5
300 89 5
300 94 5
300 97 5
300 98 5
300 100 5
300 116 5
300 118 5
300 120 5
300 125 5
300 129 5
300 133 5
300 135 5
300 143 5
300 147 5
300 159 5
300 164 5
300 172 5
300 175 5
300 179 5
300 181 5
300 196 5
300 204 5
300 208 5
300 210 5
300 211 5
300 216 5
300 217 5
300 223 5
300 234 5
300 235 5
300 238 5
300 244 5
300 245 5
300 246 5
300 250 5
300 252 5
300 255 5
300 257 5
300 268 5
300 274 5
300 275 5
300 276 5
300 281 5
300 282 5
300 283 5
300 284 5
300 285 5
300 287 5
300 294 5
300 298 5
300 300 5
300 301 5
300 304 5
300 316 5
300 319 5
300 325 5
300 381 5
300 386 5
300 387 5
300 393 5
300 396 5
300 405 5
300 407 5
300 412 5
300 421 5
300 448 5
300 464 5
300 469 5
300 471 5
300 472 5
300 475 5
300 476 5
300 479 5
300 498 5
300 509 5
300 514 5
300 517 5
300 522 5
300 529 5
300 531 5
300 535 5
300 553 5
300 559 5
300 568 5
300 569 5
300 584 5
300 611 5
300 619 5
300 639 5
300 640 5
300 660 5
300 662 5
300 665 5
300 699 5
300 709 5
300 714 5
300 721 5
300 729 5
300 735 5
300 739 5
300 742 5
300 762 5
300 768 5
300 775 5
300 780 5
300 781 5
300 815 5
300 821 5
300 827 5
300 836 5
300 845 5
300 930 5
300 964 5
300 971 5
300 988 5
300 996 5