301 191 2
301 204 2
301 269 2
301 283 2
301 423 2
301 484 2
301 515 2
301 604 2
302 243 2
302 269 2
302 286 3
302 313 3
302 315 2
302 326 2
302 328 2
302 333 2
302 678 2
303 258 3
303 268 2
303 269 2
303 294 2
303 300 2
303 303 1
303 305 1
303 325 1
303 333 2
303 340 2
303 682 1
303 995 1
304 64 4
304 143 4
304 194 4
304 245 3
304 286 4
304 418 4
304 480 4
304 492 3
304 604 3
304 606 4
304 705 4
305 137 1
305 272 2
305 327 2
305 650 1
305 651 2
305 750 2
305 886 1
306 121 4
306 126 3
306 127 4
306 151 3
306 252 3
306 289 3
306 405 4
306 924 4
307 111 2
307 118 2
307 181 2
307 220 1
307 252 1
307 258 3
307 298 2
307 301 2
307 471 2
307 476 2
307 546 2
307 845 2
307 926 1
308 245 2
308 288 2
308 300 2
308 873 1
308 879 1
309 268 2
309 270 1
309 292 1
309 300 2
309 302 2
309 310 1
309 313 2
309 332 1
309 346 1
309 682 1
309 690 1
309 880 1
310 21 5
310 94 5
310 181 5
310 240 5
310 300 5
310 596 5
310 597 5
311 64 4
311 111 3
311 151 3
311 251 3
311 257 3
311 272 3
311 750 3
311 751 2
312 1 4
312 9 4
312 100 4
312 129 3
312 268 3
312 276 3
312 286 3
312 300 3
312 742 4
313 243 5
313 286 5
313 288 4
313 310 5
313 313 5
313 315 5
313 323 5
313 333 5
313 748 5
314 258 4
314 272 3
314 288 3
314 319 3
314 362 2
314 882 2
314 891 2
315 243 4
315 259 4
315 288 4
315 294 4
315 321 5
315 339 4
315 342 4
315 359 5
315 410 5
315 597 4
315 687 5
315 875 5
315 988 4
316 14 2
316 237 3
316 245 2
316 272 2
316 313 3
316 321 2
316 676 2
317 272 5
317 315 5
317 316 5
317 319 5
317 345 5
318 98 5
318 173 5
318 245 5
318 269 5
318 286 5
318 288 5
318 294 5
318 301 5
318 313 5
318 315 5
318 347 5
318 752 5
319 271 5
319 288 5
319 289 5
319 301 5
319 304 5
319 308 5
319 310 5
319 331 5
319 338 5
319 877 5
319 938 5
319 989 5
320 269 2
320 271 1
320 288 2
320 294 2
320 300 2
320 305 1
320 325 1
320 327 1
320 333 1
320 343 1
320 890 1
321 100 3
321 150 4
321 151 3
321 168 3
321 191 4
321 194 4
321 198 4
321 205 4
321 222 4
321 276 4
321 288 4
321 313 4
321 682 4
321 902 4
322 1 3
322 24 3
322 147 3
322 254 3
322 405 3
322 410 3
322 471 3
322 473 3
322 742 3
323 100 5
323 264 5
323 328 5
323 456 5
323 687 5
323 876 5
323 881 5
323 948 5
324 245 1
324 270 1
324 289 2
324 294 1
324 309 1
324 322 1
324 328 2
324 879 1
325 237 3
325 271 3
325 278 3
325 288 3
325 298 3
325 300 3
325 313 3
325 328 3
325 343 3
325 682 3
325 742 3
325 763 3
326 13 3
326 25 3
326 100 4
326 111 3
326 116 3
326 150 3
326 235 3
326 283 3
326 306 3
326 476 3
326 756 3
327 258 3
327 300 3
327 303 2
327 319 3
327 333 3
327 334 2
328 14 5
328 50 4
328 222 4
328 258 5
328 748 5
328 832 5
328 845 5
329 245 3
329 264 3
329 268 4
329 322 3
329 323 3
329 328 3
329 354 3
329 678 3
329 748 3
329 879 3
330 259 2
330 267 1
330 268 2
330 301 2
330 306 2
330 333 2
330 338 2
330 346 2
330 682 2
330 751 3
330 879 2
331 1 4
331 5 2
331 7 3
331 8 3
331 9 3
331 11 3
331 12 3
331 22 3
331 31 3
331 38 2
331 53 2
331 54 2
331 56 3
331 70 3
331 73 3
331 77 3
331 79 3
331 82 3
331 95 3
331 96 3
331 97 3
331 98 4
331 105 2
331 106 2
331 117 3
331 118 3
331 120 2
331 121 4
331 122 2
331 123 2
331 125 3
331 127 3
331 144 3
331 156 3
331 159 2
331 172 3
331 174 4
331 181 4
331 182 3
331 204 3
331 210 4
331 218 3
331 222 4
331 227 2
331 228 3
331 229 3
331 230 3
331 232 2
331 233 3
331 234 3
331 235 3
331 237 3
331 240 2
331 249 2
331 255 3
331 257 3
331 258 4
331 264 2
331 265 3
331 271 3
331 273 3
331 282 3
331 288 3
331 291 2
331 293 3
331 294 3
331 295 2
331 298 3
331 300 3
331 307 3
331 313 4
331 322 2
331 323 3
331 326 3
331 327 2
331 328 3
331 332 2
331 333 3
331 342 2
331 356 2
331 369 2
331 370 2
331 405 4
331 406 2
331 409 3
331 410 3
331 449 3
331 450 2
331 451 3
331 452 2
331 456 2
331 470 2
331 546 3
331 566 3
331 595 2
331 597 3
331 628 3
331 651 3
331 655 3
331 660 2
331 673 2
331 679 3
331 684 3
331 693 2
331 696 2
331 728 2
331 746 2
331 756 2
331 763 3
331 770 2
331 815 2
331 824 2
331 827 2
331 831 2
331 833 2
331 840 2
331 841 2
331 845 3
331 866 3
331 871 2
331 879 2
331 895 2
331 928 2
331 931 2
331 934 2
331 975 2
331 978 2
331 982 2
331 983 2
332 88 5
332 153 5
332 168 5
332 180 5
332 186 5
332 269 5
332 294 5
332 315 5
332 316 5
332 435 5
332 513 5
332 748 5
332 873 5
333 4 5
333 7 5
333 8 5
333 9 5
333 12 5
333 13 5
333 19 5
333 20 5
333 22 5
333 23 5
333 28 5
333 42 5
333 50 5
333 52 5
333 56 5
333 58 5
333 59 5
333 61 5
333 68 5
333 69 5
333 70 5
333 72 5
333 73 5
333 74 5
333 77 5
333 79 5
333 81 5
333 86 5
333 89 5
333 91 5
333 93 5
333 95 5
333 98 5
333 100 5
333 111 5
333 115 5
333 116 5
333 117 5
333 124 5
333 125 5
333 127 5
333 131 5
333 132 5
333 134 5
333 135 5
333 143 5
333 150 5
333 153 5
333 154 5
333 155 5
333 160 5
333 163 5
333 164 5
333 168 5
333 169 5
333 170 5
333 171 5
333 172 5
333 173 5
333 174 5
333 175 5
333 176 5
333 181 5
333 182 5
333 183 5
333 185 5
333 186 5
333 191 5
333 196 5
333 197 5
333 200 5
333 203 5
333 204 5
333 207 5
333 210 5
333 213 5
333 216 5
333 217 5
333 220 5
333 221 5
333 222 5
333 223 5
333 224 5
333 225 5
333 227 5
333 228 5
333 229 5
333 230 5
333 231 5
333 235 5
333 237 5
333 238 5
333 239 5
333 244 5
333 245 5
333 248 5
333 250 5
333 255 5
333 257 5
333 258 5
333 265 5
333 268 5
333 269 5
333 271 5
333 272 5
333 275 5
333 276 5
333 277 5
333 282 5
333 283 5
333 285 5
333 286 5
333 287 5
333 288 5
333 289 5
333 293 5
333 297 5
333 300 5
333 301 5
333 303 5
333 305 5
333 306 5
333 310 5
333 311 5
333 312 5
333 313 5
333 315 5
333 316 5
333 317 5
333 318 5
333 319 5
333 322 5
333 324 5
333 326 5
333 328 5
333 333 5
333 337 5
333 338 5
333 340 5
333 345 5
333 346 5
333 347 5
333 371 5
333 396 5
333 405 5
333 408 5
333 421 5
333 423 5
333 425 5
333 428 5
333 429 5
333 430 5
333 433 5
333 436 5
333 443 5
333 449 5
333 450 5
333 461 5
333 462 5
333 474 5
333 475 5
333 476 5
333 481 5
333 483 5
333 484 5
333 485 5
333 488 5
333 494 5
333 498 5
333 500 5
333 502 5
333 505 5
333 506 5
333 508 5
333 510 5
333 512 5
333 514 5
333 515 5
333 521 5
333 525 5
333 529 5
333 537 5
333 553 5
333 558 5
333 566 5
333 577 5
333 582 5
333 591 5
333 603 5
333 606 5
333 607 5
333 620 5
333 628 5
333 629 5
333 631 5
333 634 5
333 635 5
333 640 5
333 642 5
333 652 5
333 655 5
333 657 5
333 658 5
333 663 5
333 675 5
333 678 5
333 684 5
333 689 5
333 693 5
333 707 5
333 708 5
333 709 5
333 710 5
333 712 5
333 716 5
333 736 5
333 740 5
333 742 5
333 744 5
333 746 5
333 753 5
333 762 5
333 792 5
333 815 5
333 840 5
333 845 5
333 846 5
333 855 5
333 856 5
333 865 5
333 870 5
333 877 5
333 879 5
333 886 5
333 887 5
333 888 5
333 896 5
333 899 5
333 902 5
333 905 5
333 906 5
333 922 5
333 931 5
333 936 5
333 937 5
333 945 5
333 950 5
333 955 5
333 961 5
333 969 5
334 245 2
334 258 3
334 269 3
334 288 3
334 307 2
334 313 3
334 324 2
334 342 2
334 347 2
334 748 3
334 902 2
335 3 1
335 4 2
335 13 2
335 15 2
335 26 2
335 33 2
335 41 1
335 42 2
335 49 2
335 56 3
335 66 2
335 67 2
335 88 2
335 94 2
335 100 2
335 105 1
335 111 2
335 117 2
335 121 2
335 122 1
335 124 2
335 125 1
335 151 2
335 153 3
335 154 2
335 158 2
335 168 3
335 186 3
335 202 3
335 208 2
335 216 3
335 232 2
335 237 2
335 239 2
335 275 2
335 276 1
335 282 1
335 284 1
335 290 1
335 367 2
335 383 1
335 388 1
335 395 2
335 401 2
335 405 2
335 410 1
335 451 2
335 475 1
335 546 2
335 571 1
335 577 1
335 619 1
335 628 1
335 655 3
335 692 2
335 710 1
335 722 1
335 732 2
335 738 1
335 742 1
335 762 1
335 763 1
335 765 1
335 780 1
335 781 2
335 785 1
335 790 1
335 796 1
335 824 1
335 859 1
335 864 1
335 959 1
335 998 1
335 999 1
336 15 3
336 50 3
336 106 1
336 121 3
336 127 2
336 181 3
336 228 2
336 230 2
336 235 2
336 257 2
336 371 1
336 380 1
336 392 1
336 515 2
336 520 2
336 631 1
336 742 2
336 831 1
337 1 4
337 56 4
337 79 4
337 83 5
337 132 5
337 133 5
337 134 5
337 135 5
337 168 5
337 170 5
337 174 5
337 175 5
337 180 5
337 189 5
337 194 5
337 204 5
337 208 5
337 211 5
337 212 5
337 213 5
337 215 4
337 216 4
337 269 5
337 294 5
337 301 5
337 306 5
337 310 5
337 435 5
337 443 5
337 462 5
337 474 5
337 480 5
337 483 5
337 484 5
337 486 5
337 488 5
337 490 5
337 494 5
337 498 5
337 511 5
337 513 5
337 514 5
337 516 5
337 523 5
337 525 5
337 582 5
337 604 5
337 607 5
337 613 5
337 650 5
337 654 5
337 708 5
337 792 5
337 945 5
338 1 5
338 4 5
338 5 5
338 7 5
338 11 5
338 12 5
338 22 5
338 23 5
338 25 5
338 28 5
338 29 5
338 30 5
338 32 5
338 42 5
338 47 5
338 50 5
338 55 5
338 56 5
338 58 5
338 64 5
338 65 5
338 67 5
338 69 5
338 73 5
338 74 5
338 76 5
338 79 5
338 80 5
338 81 5
338 82 5
338 86 5
338 88 5
338 89 5
338 91 5
338 97 5
338 98 5
338 100 5
338 101 5
338 117 5
338 121 5
338 124 5
338 126 5
338 127 5
338 130 5
338 131 5
338 132 5
338 133 5
338 134 5
338 135 5
338 136 5
338 139 5
338 144 5
338 145 5
338 150 5
338 151 5
338 153 5
338 154 5
338 156 5
338 157 5
338 159 5
338 160 5
338 161 5
338 163 5
338 167 5
338 168 5
338 170 5
338 174 5
338 175 5
338 179 5
338 180 5
338 181 5
338 183 5
338 186 5
338 188 5
338 190 5
338 191 5
338 192 5
338 194 5
338 195 5
338 196 5
338 197 5
338 198 5
338 199 5
338 203 5
338 204 5
338 205 5
338 208 5
338 209 5
338 214 5
338 222 5
338 226 5
338 227 5
338 228 5
338 231 5
338 233 5
338 235 5
338 238 5
338 240 5
338 248 5
338 257 5
338 258 5
338 265 5
338 269 5
338 270 5
338 276 5
338 286 5
338 288 5
338 298 5
338 302 5
338 317 5
338 327 5
338 347 5
338 357 5
338 380 5
338 383 5
338 402 5
338 403 5
338 404 5
338 410 5
338 411 5
338 415 5
338 427 5
338 428 5
338 431 5
338 433 5
338 435 5
338 436 5
338 447 5
338 449 5
338 451 5
338 461 5
338 469 5
338 474 5
338 475 5
338 478 5
338 479 5
338 483 5
338 484 5
338 485 5
338 496 5
338 498 5
338 503 5
338 508 5
338 509 5
338 514 5
338 515 5
338 516 5
338 521 5
338 522 5
338 523 5
338 525 5
338 527 5
338 528 5
338 530 5
338 546 5
338 549 5
338 550 5
338 566 5
338 568 5
338 573 5
338 582 5
338 603 5
338 607 5
338 614 5
338 631 5
338 632 5
338 636 5
338 637 5
338 640 5
338 642 5
338 649 5
338 650 5
338 655 5
338 657 5
338 661 5
338 663 5
338 673 5
338 675 5
338 678 5
338 693 5
338 702 5
338 709 5
338 719 5
338 735 5
338 737 5
338 739 5
338 770 5
338 772 5
338 806 5
338 823 5
338 845 5
338 856 5
338 939 5
338 942 5
338 961 5
339 1 5
339 15 4
339 50 4
339 66 4
339 71 5
339 143 4
339 172 4
339 174 4
339 179 4
339 181 4
339 205 4
339 215 4
339 265 4
339 274 4
339 402 4
339 405 4
339 423 4
339 435 3
339 486 4
339 502 4
339 504 3
339 520 4
339 526 4
339 584 4
339 662 3
339 946 4
340 3 3
340 4 3
340 7 3
340 8 3
340 11 3
340 13 3
340 15 2
340 23 4
340 25 2
340 26 3
340 28 3
340 47 3
340 56 4
340 58 3
340 68 3
340 92 3
340 93 3
340 95 3
340 98 4
340 100 3
340 108 3
340 111 3
340 122 3
340 123 2
340 124 3
340 129 3
340 131 3
340 132 3
340 133 3
340 134 3
340 135 4
340 143 3
340 144 3
340 156 3
340 160 3
340 174 4
340 175 4
340 179 3
340 188 3
340 189 3
340 191 4
340 192 3
340 193 4
340 194 4
340 196 3
340 197 4
340 204 4
340 208 3
340 209 3
340 212 3
340 216 3
340 223 4
340 237 3
340 238 3
340 240 3
340 248 3
340 251 3
340 255 2
340 257 3
340 262 3
340 274 2
340 276 3
340 282 2
340 286 3
340 287 3
340 288 2
340 289 3
340 294 3
340 297 3
340 298 3
340 301 3
340 319 3
340 320 3
340 326 3
340 327 3
340 367 3
340 378 3
340 381 3
340 382 3
340 408 3
340 412 2
340 421 3
340 423 3
340 427 3
340 433 3
340 461 3
340 483 4
340 487 3
340 496 3
340 499 3
340 508 3
340 517 3
340 518 3
340 523 4
340 531 3
340 535 3
340 544 3
340 547 3
340 558 3
340 574 3
340 581 3
340 584 3
340 591 2
340 606 3
340 607 3
340 654 4
340 655 4
340 656 3
340 657 4
340 663 3
340 692 3
340 699 3
340 723 3
340 724 3
340 727 3
340 732 3
340 746 3
340 756 2
340 762 3
340 764 3
340 772 3
340 789 3
340 792 3
340 813 3
340 818 3
340 844 3
340 846 3
340 866 2
340 873 3
340 875 3
340 928 3
340 950 3
340 965 3
340 975 2
341 1 4
341 4 4
341 7 4
341 8 4
341 9 4
341 10 4
341 11 4
341 12 4
341 20 3
341 23 4
341 25 4
341 26 3
341 28 4
341 38 3
341 42 3
341 44 3
341 47 3
341 48 3
341 50 4
341 52 4
341 53 3
341 55 3
341 56 4
341 57 4
341 58 4
341 62 3
341 63 3
341 65 4
341 66 3
341 67 3
341 68 3
341 69 4
341 76 3
341 77 4
341 79 3
341 81 4
341 82 3
341 83 4
341 86 4
341 87 4
341 90 3
341 97 4
341 98 4
341 100 4
341 117 3
341 118 3
341 121 4
341 124 4
341 127 4
341 132 4
341 134 4
341 135 4
341 137 3
341 143 4
341 144 3
341 147 3
341 152 3
341 153 4
341 155 3
341 156 4
341 159 3
341 163 3
341 164 3
341 168 4
341 169 3
341 174 4
341 176 3
341 177 3
341 179 4
341 180 4
341 186 4
341 187 4
341 188 3
341 189 3
341 193 4
341 194 4
341 196 4
341 197 4
341 199 4
341 200 3
341 208 4
341 211 4
341 214 4
341 223 4
341 228 3
341 229 3
341 231 3
341 234 4
341 235 3
341 236 3
341 237 4
341 241 4
341 250 3
341 257 3
341 265 3
341 269 4
341 275 4
341 276 4
341 277 3
341 283 4
341 288 3
341 297 3
341 302 4
341 303 3
341 306 3
341 318 4
341 324 3
341 333 3
341 334 3
341 357 4
341 358 3
341 371 3
341 375 3
341 382 4
341 385 3
341 405 3
341 408 3
341 410 3
341 423 4
341 427 4
341 429 3
341 435 4
341 449 3
341 461 3
341 462 4
341 463 3
341 471 4
341 473 3
341 474 4
341 475 4
341 476 4
341 483 4
341 498 4
341 499 4
341 508 4
341 510 3
341 515 3
341 521 3
341 523 4
341 527 4
341 528 4
341 530 3
341 536 3
341 546 3
341 555 3
341 559 3
341 561 3
341 568 3
341 569 3
341 581 4
341 582 4
341 606 4
341 614 3
341 631 4
341 642 3
341 654 4
341 655 4
341 657 4
341 660 4
341 684 3
341 702 3
341 703 3
341 708 4
341 712 3
341 724 3
341 727 4
341 729 3
341 739 3
341 744 3
341 747 4
341 778 3
341 786 3
341 792 4
341 823 3
341 919 3
341 921 4
341 930 3
341 931 3
341 943 3
341 950 3
341 951 3
341 961 4
341 980 3
342 1 3
342 4 3
342 5 2
342 8 3
342 9 3
342 11 3
342 12 3
342 13 3
342 14 3
342 22 2
342 25 2
342 26 3
342 39 2
342 45 3
342 58 3
342 70 3
342 71 3
342 73 2
342 79 3
342 86 3
342 87 2
342 88 3
342 89 3
342 95 2
342 96 3
342 97 3
342 98 3
342 111 3
342 118 2
342 119 3
342 121 2
342 122 3
342 124 3
342 125 2
342 127 3
342 129 3
342 132 3
342 137 3
342 151 3
342 169 3
342 172 3
342 174 3
342 176 3
342 181 3
342 183 3
342 190 3
342 191 3
342 195 3
342 196 2
342 198 3
342 202 3
342 203 3
342 204 3
342 208 3
342 210 3
342 216 3
342 222 3
342 228 3
342 235 3
342 237 2
342 244 2
342 245 2
342 246 3
342 248 3
342 251 3
342 255 2
342 268 3
342 269 3
342 272 3
342 273 2
342 275 3
342 276 2
342 278 2
342 280 2
342 281 2
342 283 3
342 284 2
342 285 3
342 286 3
342 288 3
342 291 2
342 295 2
342 297 3
342 298 2
342 301 3
342 303 3
342 304 2
342 311 3
342 313 2
342 315 3
342 316 2
342 322 2
342 357 3
342 367 3
342 385 2
342 405 2
342 421 3
342 433 3
342 451 3
342 459 3
342 462 3
342 471 2
342 472 2
342 476 2
342 477 2
342 478 3
342 479 3
342 486 3
342 487 3
342 494 3
342 508 3
342 509 3
342 511 3
342 516 3
342 535 2
342 537 3
342 559 3
342 562 3
342 568 3
342 597 2
342 619 2
342 647 3
342 660 3
342 663 3
342 678 2
342 684 2
342 694 3
342 696 2
342 707 3
342 708 3
342 709 3
342 713 3
342 716 3
342 742 2
342 751 3
342 764 2
342 815 3
342 844 3
342 845 2
342 864 2
342 926 2
342 928 2
342 955 3
342 972 3
343 1 4
343 4 4
343 5 4
343 9 4
343 11 4
343 15 4
343 25 4
343 26 4
343 28 4
343 33 4
343 43 4
343 44 4
343 48 4
343 49 4
343 50 4
343 51 4
343 56 4
343 64 5
343 65 4
343 66 4
343 69 5
343 71 4
343 77 4
343 79 4
343 81 4
343 87 4
343 88 4
343 93 4
343 98 5
343 100 4
343 111 4
343 117 4
343 118 4
343 124 4
343 125 4
343 126 4
343 131 4
343 132 4
343 137 4
343 143 4
343 148 3
343 151 4
343 170 4
343 172 4
343 173 4
343 174 4
343 191 5
343 196 4
343 197 5
343 202 4
343 204 4
343 216 5
343 220 4
343 221 4
343 223 4
343 226 4
343 235 4
343 237 4
343 239 4
343 241 4
343 245 3
343 246 4
343 251 4
343 255 4
343 262 3
343 268 4
343 269 4
343 272 4
343 278 4
343 280 4
343 282 4
343 283 4
343 284 4
343 285 4
343 287 4
343 288 4
343 289 3
343 291 3
343 293 4
343 294 3
343 295 3
343 297 4
343 298 4
343 300 4
343 301 4
343 302 4
343 303 4
343 305 4
343 311 4
343 312 4
343 313 4
343 315 4
343 317 4
343 323 4
343 332 4
343 333 4
343 356 4
343 365 4
343 367 4
343 378 4
343 381 4
343 382 4
343 387 4
343 402 4
343 403 4
343 405 4
343 416 4
343 433 4
343 443 4
343 451 4
343 461 4
343 464 4
343 471 4
343 473 4
343 476 4
343 479 4
343 481 4
343 485 4
343 498 4
343 508 4
343 518 4
343 534 4
343 535 4
343 550 4
343 559 4
343 566 4
343 568 4
343 582 4
343 588 4
343 620 4
343 639 4
343 651 4
343 655 5
343 660 4
343 676 3
343 696 4
343 702 4
343 708 4
343 709 5
343 715 4
343 716 4
343 722 4
343 732 4
343 736 4
343 737 4
343 738 4
343 739 4
343 742 4
343 744 4
343 747 4
343 748 4
343 772 4
343 781 4
343 845 4
343 846 4
343 866 4
343 879 4
343 886 4
343 903 4
343 919 4
343 949 4
343 955 4
343 956 4
343 972 4
343 988 4
344 2 1
344 3 1
344 4 1
344 7 2
344 11 1
344 12 2
344 17 1
344 22 2
344 29 1
344 31 1
344 33 1
344 38 1
344 53 1
344 54 1
344 55 1
344 56 3
344 62 1
344 64 2
344 67 1
344 72 1
344 76 1
344 77 1
344 83 1
344 91 1
344 92 1
344 94 1
344 97 2
344 98 2
344 100 2
344 117 2
344 120 1
344 121 2
344 127 2
344 128 1
344 132 2
344 133 1
344 134 1
344 141 1
344 143 1
344 144 2
344 147 1
344 153 2
344 156 1
344 157 1
344 158 1
344 161 1
344 167 1
344 168 2
344 172 2
344 173 2
344 174 3
344 176 2
344 181 3
344 183 2
344 184 1
344 186 2
344 187 1
344 188 1
344 203 1
344 204 2
344 210 2
344 211 1
344 213 1
344 215 2
344 216 2
344 218 1
344 219 1
344 232 1
344 234 2
344 237 2
344 241 1
344 245 1
344 250 1
344 259 1
344 265 2
344 273 1
344 276 1
344 288 1
344 291 1
344 293 1
344 294 1
344 300 1
344 302 1
344 318 2
344 322 1
344 325 1
344 333 1
344 358 1
344 363 1
344 366 1
344 369 1
344 375 1
344 385 1
344 391 1
344 392 1
344 403 1
344 405 2
344 415 1
344 423 2
344 431 1
344 455 1
344 470 1
344 496 1
344 518 1
344 520 1
344 541 1
344 546 1
344 549 1
344 561 1
344 569 1
344 571 1
344 572 1
344 576 1
344 578 1
344 582 1
344 616 1
344 636 1
344 642 1
344 657 1
344 669 1
344 673 1
344 684 1
344 685 1
344 708 1
344 712 1
344 727 1
344 732 1
344 739 1
344 743 1
344 746 1
344 748 1
344 780 1
344 785 1
344 802 1
344 809 1
344 831 1
344 842 1
344 879 1
344 932 1
344 944 1
344 951 1
344 959 1
344 977 1
345 1 3
345 7 3
345 12 3
345 15 3
345 17 2
345 22 3
345 24 2
345 25 3
345 28 3
345 31 3
345 50 4
345 55 2
345 56 4
345 68 2
345 70 3
345 73 2
345 76 2
345 77 3
345 79 3
345 82 3
345 85 2
345 87 3
345 91 2
345 96 3
345 97 2
345 99 2
345 100 4
345 117 3
345 118 3
345 125 3
345 127 3
345 132 3
345 137 2
345 144 3
345 151 3
345 156 3
345 157 2
345 158 2
345 159 2
345 163 2
345 164 3
345 168 3
345 172 3
345 173 3
345 174 3
345 176 3
345 177 2
345 181 3
345 182 2
345 183 3
345 187 2
345 188 2
345 192 2
345 195 3
345 200 3
345 203 2
345 204 3
345 208 2
345 215 3
345 222 3
345 226 2
345 227 3
345 233 2
345 235 2
345 239 3
345 240 2
345 245 3
345 246 2
345 252 2
345 257 2
345 258 3
345 268 2
345 271 2
345 273 2
345 276 3
345 280 2
345 286 3
345 288 3
345 290 2
345 293 2
345 294 3
345 298 3
345 300 3
345 317 2
345 318 3
345 323 2
345 324 2
345 328 2
345 333 2
345 356 2
345 369 2
345 371 2
345 385 3
345 386 2
345 392 2
345 403 3
345 404 2
345 405 3
345 410 3
345 416 2
345 423 3
345 432 3
345 435 2
345 460 2
345 462 2
345 465 2
345 468 2
345 470 2
345 472 3
345 475 3
345 501 3
345 508 3
345 544 2
345 550 2
345 568 3
345 588 3
345 595 2
345 597 3
345 609 2
345 655 3
345 660 2
345 685 3
345 686 2
345 689 2
345 692 2
345 699 2
345 721 2
345 735 2
345 742 3
345 756 2
345 763 2
345 806 2
345 819 2
345 820 3
345 827 2
345 829 2
345 831 2
345 841 2
345 871 2
345 879 2
345 928 2
345 930 2
345 943 2
345 959 2
345 977 2
345 982 2
346 1 5
346 7 5
346 15 5
346 25 5
346 100 5
346 107 5
346 111 5
346 118 5
346 121 5
346 126 5
346 147 5
346 225 5
346 240 5
346 276 5
346 288 5
346 294 5
346 323 5
346 368 5
346 370 5
346 409 5
346 411 5
346 412 5
346 472 5
346 473 5
346 476 5
346 546 5
346 628 5
346 742 5
346 819 5
346 831 5
346 834 5
346 924 5
346 926 5
346 928 5
346 974 5
346 975 5
346 988 5
347 9 4
347 10 3
347 118 3
347 121 4
347 125 3
347 126 3
347 237 3
347 325 3
347 370 3
347 412 3
347 455 3
347 458 3
347 471 3
347 475 3
347 596 3
347 744 3
347 847 3
348 1 4
348 23 4
348 89 4
348 98 4
348 132 4
348 133 4
348 136 4
348 168 4
348 172 4
348 176 4
348 183 4
348 193 4
348 195 4
348 204 4
348 210 4
348 214 4
348 228 4
348 265 4
348 271 4
348 324 4
348 340 4
348 435 4
348 479 4
348 480 4
348 483 4
348 489 4
348 530 4
348 589 4
348 604 4
348 616 4
348 654 4
348 657 4
349 288 3
349 289 4
349 292 3
349 300 4
349 301 3
349 310 3
349 312 3
349 313 3
349 326 3
349 327 3
349 332 3
349 341 3
349 343 3
349 359 3
349 538 3
349 748 4
349 750 3
349 754 3
349 873 3
349 879 4
349 880 3
349 882 3
349 888 3
349 984 4
349 989 3
349 990 3
350 4 5
350 7 5
350 12 5
350 17 5
350 39 5
350 55 5
350 56 5
350 79 5
350 86 5
350 89 5
350 92 5
350 96 5
350 98 5
350 129 5
350 144 5
350 156 5
350 173 5
350 182 5
350 194 5
350 195 5
350 216 5
350 228 5
350 234 5
350 302 5
350 385 5
350 568 5
350 657 5
350 692 5
351 245 2
351 260 1
351 271 1
351 272 2
351 300 2
351 315 2
351 326 1
351 327 1
351 328 2
351 332 1
351 333 2
351 343 1
351 905 1
352 7 4
352 9 5
352 14 5
352 19 5
352 20 5
352 25 5
352 32 5
352 42 5
352 47 5
352 50 4
352 52 5
352 57 5
352 58 4
352 59 5
352 60 5
352 61 5
352 66 5
352 70 5
352 79 4
352 81 5
352 83 5
352 86 5
352 87 5
352 88 4
352 93 5
352 100 4
352 109 4
352 116 5
352 124 5
352 131 5
352 133 5
352 134 5
352 135 5
352 136 5
352 137 5
352 143 5
352 149 5
352 151 4
352 152 5
352 153 5
352 154 5
352 155 5
352 162 5
352 166 5
352 168 4
352 169 5
352 171 5
352 173 4
352 174 4
352 175 5
352 180 5
352 186 4
352 189 5
352 190 5
352 191 5
352 193 5
352 197 4
352 199 5
352 202 4
352 208 5
352 209 5
352 211 5
352 213 5
352 216 4
352 238 5
352 242 5
352 246 4
352 248 5
352 251 5
352 255 5
352 257 5
352 258 4
352 268 4
352 269 5
352 270 5
352 272 5
352 275 5
352 276 5
352 281 5
352 286 5
352 287 5
352 297 5
352 303 5
352 305 4
352 306 5
352 308 5
352 311 5
352 313 5
352 318 4
352 344 5
352 381 5
352 382 5
352 387 5
352 414 5
352 421 5
352 423 5
352 428 5
352 429 5
352 435 5
352 462 5
352 463 5
352 464 5
352 473 5
352 478 5
352 479 5
352 480 5
352 483 5
352 485 5
352 487 5
352 489 5
352 494 5
352 496 5
352 497 5
352 498 5
352 507 5
352 508 5
352 509 5
352 511 5
352 513 5
352 515 5
352 516 5
352 518 5
352 520 5
352 529 5
352 531 5
352 533 5
352 558 5
352 582 5
352 584 5
352 603 5
352 604 5
352 605 5
352 606 5
352 607 5
352 629 5
352 631 5
352 638 5
352 650 5
352 651 5
352 652 5
352 657 5
352 659 5
352 660 5
352 661 5
352 692 4
352 694 5
352 699 5
352 702 5
352 705 5
352 707 5
352 709 5
352 716 5
352 732 4
352 733 5
352 735 4
352 736 5
352 737 5
352 740 5
352 753 5
352 792 5
352 811 5
352 847 5
352 855 5
352 863 5
352 865 5
352 882 5
352 889 5
352 900 5
352 904 5
352 929 5
352 953 5
352 956 5
352 958 5
352 962 5
353 242 5
353 264 5
353 288 5
353 300 5
353 328 5
353 329 5
353 360 5
353 681 5
353 882 5
354 272 5
354 292 5
354 313 5
354 316 5
354 326 5
354 328 5
354 333 5
354 689 5
354 748 5
355 1 4
355 7 4
355 10 3
355 24 3
355 105 3
355 117 4
355 118 3
355 123 3
355 125 4
355 126 4
355 147 3
355 150 4
355 151 4
355 220 3
355 222 4
355 245 3
355 258 4
355 270 3
355 273 3
355 274 3
355 275 4
355 280 3
355 284 4
355 291 3
355 322 3
355 326 3
355 334 3
355 405 4
355 407 3
355 411 4
355 455 3
355 456 3
355 471 4
355 472 3
355 473 3
355 476 4
355 546 3
355 595 3
355 687 3
355 713 3
355 742 3
355 744 3
355 760 3
355 819 3
355 820 3
355 831 3
355 833 3
355 866 3
355 932 3
355 977 3
355 984 3
356 8 4
356 65 4
356 127 4
356 132 4
356 174 3
356 179 4
356 213 4
356 268 4
356 318 4
356 324 4
356 357 4
356 511 3
356 582 4
356 584 4
356 638 4
356 639 4
356 643 4
356 855 4
356 896 4
357 7 2
357 117 2
357 118 2
357 181 2
357 250 2
357 268 2
357 270 2
357 298 2
357 313 3
357 323 2
357 405 2
357 472 2
357 748 2
357 751 2
357 831 2
358 1 5
358 10 5
358 13 5
358 14 5
358 25 5
358 28 5
358 45 5
358 50 5
358 64 5
358 79 5
358 100 5
358 116 5
358 124 5
358 127 5
358 134 5
358 157 5
358 165 5
358 166 5
358 170 5
358 174 5
358 181 5
358 187 5
358 191 5
358 194 5
358 195 5
358 197 5
358 205 5
358 207 5
358 210 5
358 222 5
358 237 5
358 238 5
358 242 5
358 251 5
358 269 5
358 271 5
358 275 5
358 283 5
358 284 5
358 286 5
358 297 5
358 302 5
358 304 5
358 306 5
358 308 5
358 309 5
358 321 5
358 326 5
358 328 5
358 357 5
358 423 5
358 479 5
358 483 5
358 496 5
358 511 5
358 521 5
358 523 5
358 531 5
358 582 5
358 588 5
358 654 5
358 661 5
358 735 5
358 744 5
358 748 5
358 845 5
358 933 5
358 936 5
358 963 5
359 12 5
359 14 5
359 23 5
359 26 5
359 49 5
359 53 5
359 55 5
359 56 5
359 59 5
359 60 5
359 66 5
359 70 5
359 79 5
359 83 5
359 88 5
359 90 5
359 97 5
359 98 5
359 100 5
359 111 5
359 129 5
359 148 5
359 150 5
359 156 5
359 165 5
359 166 5
359 168 5
359 170 5
359 173 5
359 176 5
359 178 5
359 183 5
359 185 5
359 186 5
359 190 5
359 197 5
359 203 5
359 204 5
359 207 5
359 212 5
359 213 5
359 218 5
359 222 5
359 228 5
359 234 5
359 237 5
359 238 5
359 258 5
359 269 5
359 273 5
359 274 5
359 276 5
359 286 5
359 333 5
359 340 5
359 387 5
359 421 5
359 430 5
359 435 5
359 451 5
359 466 5
359 475 5
359 498 5
359 502 5
359 504 5
359 514 5
359 517 5
359 524 5
359 525 5
359 531 5
359 639 5
359 652 5
359 654 5
359 655 5
359 657 5
359 659 5
359 673 5
359 684 5
359 694 5
359 707 5
359 709 5
359 727 5
359 737 5
359 739 5
359 742 5
359 762 5
359 770 5
359 794 5
359 934 5
359 949 5
360 245 2
360 268 2
360 302 3
360 312 2
360 313 2
360 323 2
360 333 2
360 336 2
360 689 2
361 1 3
361 2 3
361 4 3
361 5 3
361 7 3
361 9 3
361 11 3
361 22 3
361 29 3
361 32 3
361 37 3
361 38 3
361 44 3
361 47 3
361 50 4
361 54 3
361 55 3
361 56 3
361 58 3
361 62 3
361 65 3
361 66 3
361 67 3
361 68 3
361 69 3
361 70 3
361 71 3
361 72 3
361 73 3
361 79 3
361 81 3
361 82 3
361 87 3
361 88 3
361 89 3
361 90 3
361 91 3
361 93 3
361 95 3
361 96 3
361 97 3
361 98 4
361 101 3
361 102 3
361 114 3
361 117 3
361 120 3
361 121 3
361 128 3
361 134 3
361 137 3
361 143 3
361 144 3
361 145 3
361 151 3
361 152 3
361 154 3
361 155 3
361 156 3
361 159 3
361 161 3
361 164 3
361 169 3
361 172 3
361 173 3
361 174 4
361 179 3
361 182 3
361 183 3
361 184 3
361 185 3
361 186 3
361 187 3
361 188 3
361 189 3
361 193 3
361 195 3
361 196 3
361 200 3
361 201 3
361 204 3
361 206 3
361 208 4
361 210 3
361 212 3
361 215 3
361 216 3
361 218 3
361 222 4
361 226 3
361 227 3
361 228 3
361 229 3
361 231 3
361 234 3
361 235 3
361 237 3
361 248 3
361 250 3
361 258 3
361 265 3
361 270 3
361 271 3
361 282 3
361 283 3
361 284 3
361 288 3
361 290 3
361 293 3
361 307 3
361 315 2
361 316 3
361 317 3
361 322 3
361 325 3
361 328 3
361 336 3
361 346 3
361 347 2
361 350 3
361 351 3
361 366 3
361 370 3
361 380 3
361 387 3
361 391 3
361 393 3
361 402 3
361 403 3
361 405 3
361 408 3
361 417 3
361 423 3
361 426 3
361 428 3
361 431 3
361 433 3
361 435 3
361 443 3
361 444 3
361 448 3
361 449 3
361 451 3
361 461 3
361 469 3
361 472 3
361 473 3
361 474 3
361 505 3
361 506 3
361 511 3
361 518 3
361 523 3
361 531 3
361 546 3
361 550 3
361 552 3
361 554 3
361 555 3
361 557 3
361 559 3
361 561 3
361 566 3
361 568 3
361 569 3
361 571 3
361 572 3
361 575 3
361 578 3
361 588 3
361 590 3
361 597 3
361 603 3
361 616 3
361 625 3
361 631 3
361 640 3
361 650 3
361 651 3
361 653 3
361 657 3
361 658 3
361 660 4
361 665 3
361 673 3
361 675 3
361 678 3
361 679 3
361 682 3
361 685 3
361 691 3
361 698 3
361 699 3
361 707 3
361 709 3
361 710 3
361 719 3
361 735 3
361 741 3
361 742 3
361 746 3
361 747 3
361 752 3
361 760 3
361 761 3
361 767 3
361 774 3
361 778 3
361 792 3
361 802 3
361 805 3
361 809 3
361 816 3
361 825 3
361 831 3
361 849 3
361 854 3
361 859 3
361 895 3
361 906 3
361 919 3
361 933 3
361 940 3
361 946 3
361 959 3
361 979 3
362 289 2
362 302 2
362 321 1
362 875 1
362 948 1
362 988 1
363 1 2
363 7 2
363 15 2
363 25 2
363 100 3
363 109 1
363 124 2
363 125 2
363 137 2
363 150 1
363 222 2
363 235 2
363 258 2
363 268 2
363 271 1
363 272 2
363 275 2
363 276 2
363 277 1
363 287 1
363 288 1
363 289 1
363 294 1
363 301 1
363 309 1
363 315 1
363 316 1
363 321 1
363 340 2
363 352 1
363 473 1
363 591 1
363 742 2
363 762 1
363 813 1
363 894 1
363 895 1
363 908 1
364 53 5
364 56 5
364 98 5
364 184 5
364 200 5
364 201 5
364 217 5
364 219 5
364 234 5
364 443 5
364 445 5
364 559 5
364 573 5
364 671 5
364 672 5
364 853 5
364 860 5
365 7 5
365 17 5
365 50 5
365 53 5
365 98 5
365 100 5
365 145 5
365 164 5
365 176 5
365 183 5
365 184 5
365 200 5
365 201 5
365 218 5
365 234 5
365 250 5
365 258 5
365 288 5
365 302 5
365 324 5
365 326 5
365 333 5
365 334 5
365 379 5
365 406 5
365 413 5
365 436 5
365 443 5
365 448 5
365 452 5
365 551 5
365 563 5
365 564 5
365 665 5
365 670 5
365 672 5
365 760 5
365 769 5
365 774 5
365 800 5
365 919 5
366 11 5
366 17 5
366 56 5
366 89 5
366 96 5
366 98 5
366 100 5
366 127 5
366 183 5
366 184 5
366 201 5
366 217 5
366 218 5
366 219 5
366 234 5
366 292 5
366 313 5
366 320 5
366 379 5
366 396 5
366 567 5
366 672 5
366 774 5
366 777 5
367 50 3
367 114 2
367 168 3
367 172 2
367 181 3
367 271 2
367 316 2
367 358 2
367 751 2
367 988 1
368 12 4
368 22 4
368 31 4
368 50 4
368 52 4
368 64 4
368 98 4
368 100 4
368 107 4
368 114 4
368 116 4
368 135 4
368 136 4
368 153 4
368 172 4
368 174 4
368 175 4
368 176 4
368 181 4
368 193 4
368 195 4
368 199 4
368 209 4
368 210 4
368 238 4
368 257 4
368 265 4
368 269 4
368 285 4
368 322 3
368 423 4
368 425 4
368 433 4
368 435 4
368 443 4
368 480 4
368 484 4
368 493 4
368 494 4
368 497 4
368 514 4
368 525 4
368 603 4
368 604 4
368 607 4
368 608 4
368 613 4
368 631 4
368 657 4
368 659 4
368 661 4
368 678 3
368 705 4
368 923 4
369 1 4
369 22 4
369 55 4
369 64 4
369 69 4
369 77 4
369 79 4
369 97 4
369 98 4
369 174 4
369 177 4
369 179 4
369 180 4
369 181 4
369 185 4
369 186 4
369 194 4
369 197 3
369 210 4
369 234 4
369 265 4
369 357 4
369 393 4
369 423 4
369 435 4
369 443 4
369 449 4
369 452 4
369 504 4
369 527 4
369 655 4
369 663 4
369 746 4
370 5 5
370 23 5
370 44 5
370 56 5
370 79 5
370 129 5
370 159 5
370 164 5
370 176 5
370 183 5
370 185 5
370 200 5
370 201 5
370 218 5
370 262 5
370 286 4
370 288 4
370 299 5
370 325 5
370 327 5
370 333 5
370 436 5
370 441 5
370 443 5
370 447 5
370 448 5
370 452 5
370 547 5
370 559 5
370 561 5
370 574 5
370 581 5
370 595 5
370 628 5
370 635 5
370 637 5
370 672 5
370 674 5
370 678 5
370 696 5
370 874 5
370 875 5
371 2 3
371 4 3
371 12 4
371 15 3
371 20 3
371 22 4
371 24 3
371 25 4
371 31 3
371 48 3
371 50 4
371 58 4
371 64 4
371 66 3
371 68 3
371 70 4
371 80 3
371 81 3
371 82 4
371 83 3
371 89 4
371 90 3
371 94 3
371 95 4
371 96 4
371 97 3
371 99 4
371 100 4
371 102 3
371 105 3
371 110 3
371 114 3
371 117 3
371 127 4
371 132 4
371 136 3
371 139 3
371 142 3
371 143 4
371 144 4
371 150 3
371 151 4
371 154 4
371 155 3
371 156 3
371 161 4
371 162 3
371 163 3
371 165 3
371 166 3
371 169 4
371 172 4
371 173 4
371 175 4
371 177 4
371 179 4
371 180 4
371 181 4
371 184 3
371 189 4
371 194 4
371 195 4
371 196 4
371 197 4
371 202 4
371 204 4
371 206 3
371 208 4
371 209 4
371 210 4
371 211 4
371 213 3
371 214 4
371 215 4
371 217 3
371 225 3
371 226 3
371 228 4
371 230 4
371 232 3
371 239 3
371 241 4
371 259 3
371 269 3
371 275 3
371 278 3
371 281 3
371 286 3
371 290 3
371 318 3
371 357 3
371 366 3
371 378 3
371 380 3
371 382 4
371 385 4
371 386 3
371 389 3
371 390 3
371 392 3
371 393 4
371 399 3
371 401 3
371 402 3
371 403 4
371 404 4
371 409 3
371 414 3
371 417 3
371 418 3
371 420 3
371 421 3
371 423 4
371 427 3
371 431 3
371 433 4
371 435 3
371 451 4
371 472 3
371 474 4
371 480 3
371 485 4
371 487 3
371 488 3
371 494 3
371 496 4
371 497 3
371 499 3
371 506 3
371 510 4
371 520 3
371 527 4
371 550 3
371 553 3
371 559 3
371 566 3
371 568 4
371 571 3
371 577 3
371 588 4
371 596 4
371 598 3
371 603 3
371 627 3
371 633 3
371 645 3
371 648 3
371 649 3
371 651 3
371 655 4
371 658 3
371 660 3
371 679 3
371 694 3
371 699 3
371 704 3
371 705 4
371 709 3
371 715 3
371 724 3
371 727 3
371 729 3
371 732 4
371 746 3
371 747 4
371 748 3
371 756 3
371 778 3
371 828 3
371 842 3
371 843 3
371 849 3
371 941 3
371 946 3
371 949 3
372 1 5
372 2 5
372 5 5
372 7 5
372 9 5
372 11 5
372 15 5
372 17 5
372 23 5
372 24 5
372 28 5
372 29 5
372 39 5
372 48 5
372 50 5
372 56 5
372 64 5
372 66 5
372 68 5
372 69 5
372 70 5
372 71 5
372 77 5
372 89 5
372 95 5
372 97 5
372 98 5
372 100 5
372 106 5
372 111 5
372 116 5
372 118 5
372 120 5
372 121 5
372 122 5
372 123 5
372 124 5
372 125 5
372 126 5
372 127 5
372 129 5
372 135 5
372 143 5
372 144 5
372 147 5
372 148 5
372 150 5
372 151 5
372 156 5
372 159 5
372 161 5
372 162 5
372 168 5
372 172 5
372 173 5
372 174 5
372 176 5
372 185 5
372 186 5
372 192 5
372 195 5
372 197 5
372 200 5
372 202 5
372 204 5
372 210 5
372 216 5
372 218 5
372 222 5
372 223 5
372 225 5
372 226 5
372 228 5
372 229 5
372 230 5
372 231 5
372 233 5
372 234 5
372 235 5
372 237 5
372 240 5
372 247 5
372 248 5
372 252 5
372 254 5
372 257 5
372 265 5
372 279 5
372 280 5
372 282 5
372 284 5
372 289 5
372 291 5
372 310 5
372 322 5
372 323 5
372 356 5
372 363 5
372 369 5
372 385 5
372 393 5
372 403 5
372 405 5
372 412 5
372 423 5
372 424 5
372 427 5
372 449 5
372 450 5
372 454 5
372 458 5
372 463 5
372 465 5
372 466 5
372 467 5
372 468 5
372 475 5
372 476 5
372 483 5
372 521 5
372 527 5
372 540 5
372 544 5
372 550 5
372 552 5
372 554 5
372 558 5
372 566 5
372 568 5
372 572 5
372 576 5
372 581 5
372 591 5
372 619 5
372 620 5
372 628 5
372 637 5
372 642 5
372 651 5
372 665 5
372 685 5
372 692 5
372 696 5
372 717 5
372 741 5
372 742 5
372 743 5
372 756 5
372 758 5
372 761 5
372 762 5
372 763 5
372 770 5
372 789 5
372 815 5
372 819 5
372 820 5
372 824 5
372 832 5
372 844 5
372 845 5
372 846 5
372 872 5
372 880 5
372 924 5
372 928 5
372 930 5
372 931 5
372 932 5
372 934 5
372 948 5
372 952 5
372 974 5
372 975 5
372 977 5
372 978 5
372 979 5
372 986 5
373 5 1
373 39 1
373 77 1
373 176 2
373 183 2
373 185 2
373 218 1
373 233 1
373 288 2
373 300 3
373 443 1
373 583 1
373 684 2
373 761 1
374 11 3
374 14 4
374 98 4
374 154 4
374 181 3
374 197 4
374 198 3
374 223 3
374 237 4
374 246 3
374 268 3
374 274 3
374 275 4
374 289 3
374 301 4
374 603 4
374 762 3
375 56 4
375 98 4
375 100 4
375 164 3
375 168 3
375 173 3
375 194 3
375 219 2
375 234 3
375 258 3
375 268 3
375 288 3
375 313 3
375 316 2
375 323 2
375 354 2
375 443 3
375 508 3
375 895 2
376 1 4
376 2 3
376 4 3
376 5 3
376 7 4
376 8 3
376 9 4
376 10 4
376 11 4
376 12 4
376 13 4
376 14 5
376 15 4
376 21 4
376 22 4
376 28 4
376 29 3
376 31 4
376 40 4
376 42 3
376 43 4
376 48 4
376 49 3
376 50 3
376 52 4
376 53 4
376 54 4
376 58 4
376 59 5
376 62 3
376 63 3
376 65 4
376 66 4
376 68 3
376 70 4
376 73 4
376 77 4
376 79 4
376 86 4
376 87 4
376 88 4
376 89 4
376 91 4
376 94 3
376 95 4
376 99 4
376 100 4
376 106 4
376 110 4
376 111 3
376 117 3
376 121 4
376 123 4
376 125 4
376 126 4
376 132 4
376 133 4
376 135 4
376 141 4
376 143 4
376 144 3
376 148 4
376 151 4
376 153 4
376 155 4
376 157 4
376 159 3
376 161 3
376 162 4
376 167 3
376 172 4
376 173 4
376 174 4
376 175 4
376 176 4
376 179 4
376 180 4
376 181 3
376 182 4
376 186 4
376 191 4
376 194 4
376 195 4
376 196 4
376 197 5
376 200 4
376 202 3
376 203 4
376 207 4
376 210 4
376 213 4
376 215 4
376 217 3
376 218 4
376 220 4
376 222 3
376 223 4
376 226 4
376 227 4
376 230 4
376 233 3
376 234 5
376 235 3
376 237 4
376 239 4
376 241 4
376 245 3
376 248 3
376 252 3
376 254 4
376 255 4
376 257 3
376 258 3
376 269 4
376 272 4
376 273 3
376 274 3
376 275 4
376 276 4
376 277 4
376 280 4
376 281 3
376 282 3
376 283 4
376 284 3
376 285 4
376 286 4
376 288 4
376 289 3
376 294 3
376 295 4
376 298 3
376 300 3
376 301 4
376 302 3
376 304 3
376 317 4
376 318 4
376 319 4
376 321 4
376 326 4
376 328 3
376 356 4
376 365 4
376 367 4
376 380 4
376 381 4
376 382 4
376 385 4
376 386 3
376 387 4
376 392 3
376 393 4
376 396 4
376 401 4
376 403 4
376 404 4
376 405 3
376 409 3
376 410 3
376 411 3
376 417 4
376 418 4
376 419 4
376 420 4
376 423 4
376 432 4
376 435 4
376 447 4
376 449 3
376 450 4
376 451 4
376 458 4
376 465 4
376 469 4
376 471 3
376 476 4
376 479 5
376 482 4
376 485 5
376 496 4
376 500 4
376 501 4
376 508 4
376 509 4
376 517 4
376 527 4
376 528 5
376 542 4
376 546 3
376 549 4
376 554 3
376 559 4
376 566 4
376 568 4
376 572 3
376 575 4
376 576 4
376 582 5
376 591 4
376 596 4
376 597 3
376 619 4
376 620 4
376 623 4
376 629 4
376 631 4
376 632 4
376 635 4
376 636 3
376 651 4
376 655 4
376 663 4
376 665 3
376 674 3
376 686 3
376 692 4
376 693 4
376 694 4
376 702 4
376 703 4
376 707 5
376 708 4
376 709 4
376 715 4
376 716 4
376 720 4
376 722 3
376 724 4
376 727 3
376 729 4
376 731 3
376 732 4
376 734 4
376 736 4
376 742 3
376 744 3
376 747 4
376 755 4
376 756 4
376 762 4
376 768 4
376 778 3
376 780 4
376 787 4
376 792 4
376 793 4
376 796 3
376 806 4
376 807 4
376 845 4
376 866 4
376 875 4
376 896 4
376 918 4
376 921 4
376 924 4
376 926 4
376 928 4
376 930 3
376 939 4
376 942 4
376 951 4
376 959 3
376 961 4
376 969 4
376 972 4
376 977 4
376 979 4
377 1 3
377 2 1
377 4 2
377 8 2
377 9 3
377 12 3
377 23 2
377 50 4
377 52 2
377 54 2
377 56 4
377 62 2
377 63 1
377 64 3
377 69 3
377 79 3
377 82 3
377 83 2
377 88 2
377 89 3
377 90 1
377 93 2
377 96 3
377 98 4
377 100 4
377 116 2
377 124 3
377 131 2
377 133 2
377 135 3
377 141 2
377 144 2
377 152 1
377 153 3
377 157 2
377 158 1
377 161 2
377 163 2
377 164 2
377 168 3
377 172 3
377 173 3
377 176 3
377 177 2
377 178 2
377 179 2
377 183 3
377 186 2
377 188 2
377 191 3
377 192 2
377 193 2
377 194 3
377 195 3
377 196 2
377 200 2
377 202 2
377 203 2
377 204 2
377 205 2
377 208 2
377 210 3
377 211 2
377 216 3
377 219 1
377 227 2
377 230 2
377 233 2
377 238 3
377 239 2
377 257 2
377 270 1
377 271 1
377 284 2
377 285 2
377 294 2
377 300 2
377 306 1
377 310 2
377 331 1
377 339 1
377 357 3
377 372 1
377 381 2
377 383 1
377 385 2
377 391 1
377 393 2
377 395 1
377 401 1
377 402 2
377 405 2
377 414 2
377 417 1
377 419 2
377 427 2
377 428 2
377 434 1
377 436 2
377 443 2
377 447 2
377 448 2
377 451 2
377 452 1
377 461 2
377 480 2
377 496 2
377 504 2
377 511 3
377 514 2
377 516 2
377 517 2
377 520 2
377 522 1
377 523 2
377 527 2
377 528 2
377 529 2
377 530 2
377 554 1
377 559 2
377 563 1
377 566 2
377 568 2
377 575 1
377 576 2
377 603 2
377 616 2
377 622 1
377 636 2
377 637 1
377 644 2
377 649 1
377 651 3
377 655 3
377 659 2
377 674 1
377 684 2
377 686 1
377 701 1
377 704 1
377 705 2
377 710 1
377 712 1
377 729 2
377 732 2
377 735 2
377 736 2
377 746 1
377 842 1
377 855 2
378 1 2
378 7 2
378 12 2
378 22 2
378 28 2
378 31 2
378 38 2
378 58 2
378 59 2
378 60 2
378 61 2
378 62 2
378 64 2
378 69 2
378 71 2
378 81 2
378 95 2
378 98 2
378 100 3
378 109 2
378 114 2
378 118 2
378 121 2
378 132 2
378 134 2
378 139 2
378 152 2
378 154 2
378 161 2
378 163 2
378 168 2
378 170 3
378 172 2
378 176 2
378 177 2
378 180 2
378 181 2
378 183 2
378 185 2
378 186 2
378 190 2
378 194 2
378 197 2
378 208 2
378 213 2
378 215 2
378 217 2
378 222 2
378 228 2
378 229 2
378 238 2
378 241 2
378 258 3
378 265 2
378 270 2
378 306 2
378 313 3
378 315 2
378 340 2
378 356 2
378 357 3
378 382 2
378 414 2
378 416 2
378 419 2
378 423 2
378 425 2
378 427 2
378 428 2
378 435 2
378 443 2
378 449 2
378 462 2
378 463 2
378 465 2
378 474 2
378 479 2
378 483 2
378 502 2
378 506 2
378 512 2
378 515 2
378 518 2
378 521 2
378 527 2
378 529 3
378 530 2
378 549 2
378 561 2
378 566 2
378 570 2
378 573 2
378 582 2
378 587 2
378 614 2
378 629 2
378 630 2
378 631 2
378 651 2
378 652 2
378 654 2
378 663 2
378 664 2
378 665 2
378 670 2
378 684 2
378 699 3
378 708 2
378 712 2
378 729 2
378 732 2
378 736 2
378 744 2
378 750 2
378 751 2
378 753 2
378 770 2
378 856 2
378 923 2
378 956 2
378 959 2
379 1 4
379 13 4
379 14 4
379 15 3
379 16 3
379 20 3
379 30 3
379 50 4
379 59 4
379 77 3
379 79 3
379 83 3
379 89 3
379 94 3
379 95 3
379 97 3
379 99 4
379 100 4
379 102 3
379 121 3
379 129 3
379 132 4
379 133 4
379 134 3
379 135 4
379 139 3
379 150 3
379 151 4
379 175 4
379 178 4
379 191 4
379 212 3
379 214 3
379 216 3
379 217 3
379 228 3
379 259 3
379 276 4
379 281 3
379 294 3
379 303 3
379 304 3
379 318 3
379 344 3
379 378 4
379 418 3
379 443 3
379 459 3
379 462 4
379 473 4
379 479 4
379 485 4
379 487 4
379 493 3
379 495 3
379 498 4
379 501 3
379 509 4
379 517 4
379 525 3
379 526 3
379 529 4
379 582 3
379 607 3
379 631 3
379 634 3
379 640 3
379 647 3
379 652 3
379 656 3
379 657 4
379 660 3
379 673 3
379 682 3
379 693 3
379 705 4
379 724 3
379 742 3
379 771 3
379 778 3
379 855 3
379 887 3
379 898 3
379 914 3
379 931 3
379 934 3
379 961 3
379 995 3
380 7 4
380 9 4
380 23 5
380 50 4
380 56 5
380 98 4
380 100 4
380 122 4
380 127 4
380 134 5
380 135 5
380 137 4
380 150 4
380 171 4
380 177 4
380 180 5
380 183 4
380 258 3
380 276 4
380 290 4
380 332 4
380 475 4
380 481 4
380 482 5
380 507 5
380 508 4
380 531 4
380 717 4
381 14 5
381 19 5
381 58 5
381 81 5
381 86 5
381 89 5
381 100 5
381 134 5
381 135 5
381 137 5
381 180 5
381 193 5
381 197 5
381 203 5
381 205 5
381 223 5
381 237 5
381 238 5
381 268 5
381 272 5
381 285 5
381 302 5
381 315 5
381 319 5
381 321 5
381 345 5
381 357 5
381 425 5
381 427 5
381 435 5
381 464 5
381 474 5
381 475 5
381 478 5
381 479 5
381 480 5
381 483 5
381 484 5
381 496 5
381 505 5
381 514 5
381 531 5
381 603 5
381 639 5
381 641 5
381 657 5
382 272 5
382 289 5
382 302 5
382 316 5
382 327 5
382 343 5
382 355 5
382 751 5
382 989 5
383 4 1
383 8 1
383 12 2
383 18 1
383 24 1
383 29 1
383 32 2
383 37 1
383 42 1
383 47 1
383 48 1
383 50 3
383 53 1
383 56 3
383 58 1
383 59 1
383 61 1
383 79 2
383 81 1
383 82 2
383 87 1
383 89 2
383 93 1
383 98 3
383 99 1
383 111 1
383 114 1
383 122 1
383 127 2
383 128 1
383 129 1
383 131 1
383 133 1
383 134 2
383 135 2
383 136 1
383 143 2
383 144 1
383 145 1
383 151 2
383 152 1
383 153 2
383 168 2
383 169 1
383 171 1
383 172 1
383 173 2
383 174 3
383 175 3
383 177 1
383 180 2
383 181 2
383 183 2
383 186 1
383 187 2
383 189 1
383 191 2
383 192 1
383 194 2
383 195 2
383 199 1
383 200 2
383 207 1
383 208 1
383 209 2
383 211 2
383 216 2
383 217 1
383 218 2
383 219 1
383 221 1
383 224 1
383 235 1
383 236 1
383 238 2
383 249 1
383 250 1
383 253 1
383 254 1
383 256 1
383 257 1
383 262 1
383 273 1
383 276 1
383 283 1
383 285 1
383 286 2
383 290 1
383 293 1
383 304 1
383 305 1
383 318 2
383 320 1
383 325 1
383 337 1
383 340 1
383 346 1
383 347 1
383 367 1
383 383 1
383 385 1
383 403 1
383 405 1
383 408 1
383 417 1
383 419 1
383 423 2
383 425 1
383 427 1
383 428 1
383 429 1
383 430 1
383 433 2
383 435 1
383 443 1
383 447 1
383 451 1
383 455 1
383 458 1
383 461 1
383 462 1
383 473 1
383 474 2
383 479 1
383 480 1
383 482 1
383 483 2
383 485 1
383 486 1
383 487 1
383 489 1
383 492 1
383 496 1
383 498 1
383 500 1
383 502 1
383 503 1
383 506 1
383 507 1
383 508 1
383 511 2
383 512 1
383 520 1
383 521 1
383 523 1
383 524 1
383 525 1
383 526 1
383 529 1
383 557 1
383 603 2
383 604 1
383 606 1
383 616 1
383 631 1
383 650 1
383 652 1
383 653 1
383 654 1
383 657 1
383 658 1
383 659 1
383 661 1
383 663 1
383 664 1
383 673 1
383 674 1
383 675 1
383 705 1
383 719 1
383 727 1
383 732 1
383 739 1
383 745 1
383 794 1
383 851 1
383 855 1
383 865 1
383 871 1
383 896 1
383 900 1
383 919 1
383 922 1
383 940 1
383 942 1
383 945 1
383 959 1
383 961 1
383 965 1
384 24 2
384 50 3
384 121 3
384 222 2
384 273 2
384 455 2
384 685 2
384 825 2
384 833 2
384 840 2
385 2 2
385 4 3
385 7 3
385 8 3
385 10 3
385 11 2
385 13 3
385 20 2
385 22 2
385 23 3
385 24 2
385 27 3
385 31 2
385 32 3
385 33 2
385 39 2
385 47 3
385 48 2
385 50 3
385 52 2
385 55 2
385 56 3
385 58 2
385 61 3
385 62 3
385 64 3
385 68 2
385 71 3
385 76 2
385 79 3
385 81 3
385 82 3
385 83 2
385 89 4
385 91 3
385 92 2
385 93 3
385 96 3
385 97 3
385 98 3
385 99 3
385 101 2
385 102 2
385 113 2
385 114 2
385 116 2
385 117 2
385 121 3
385 123 2
385 127 3
385 129 2
385 133 3
385 135 3
385 136 3
385 144 3
385 147 2
385 151 3
385 152 3
385 156 3
385 161 3
385 168 3
385 169 3
385 176 2
385 180 3
385 181 3
385 182 3
385 183 3
385 184 2
385 186 3
385 187 2
385 189 2
385 190 3
385 192 3
385 193 3
385 194 4
385 195 3
385 196 2
385 197 3
385 198 2
385 200 3
385 201 2
385 202 3
385 203 3
385 205 3
385 206 2
385 208 4
385 209 3
385 210 3
385 211 3
385 215 2
385 217 2
385 218 2
385 219 2
385 222 3
385 223 3
385 224 3
385 226 2
385 228 3
385 229 3
385 230 3
385 231 3
385 233 2
385 238 3
385 241 3
385 246 2
385 248 2
385 250 3
385 258 3
385 265 2
385 268 3
385 273 3
385 277 2
385 288 2
385 289 2
385 293 2
385 294 3
385 295 2
385 298 2
385 317 3
385 318 3
385 319 2
385 320 2
385 321 2
385 325 2
385 333 2
385 357 3
385 380 3
385 381 2
385 385 3
385 393 3
385 403 2
385 410 2
385 414 3
385 418 3
385 423 3
385 428 3
385 429 3
385 430 3
385 431 2
385 432 3
385 435 3
385 436 2
385 441 2
385 444 3
385 446 2
385 447 3
385 448 2
385 455 3
385 458 2
385 461 3
385 463 3
385 473 2
385 474 3
385 475 2
385 477 2
385 488 3
385 496 3
385 508 2
385 511 3
385 514 3
385 515 3
385 520 3
385 526 3
385 528 3
385 547 2
385 549 2
385 558 3
385 559 2
385 561 2
385 564 2
385 566 2
385 569 2
385 578 2
385 580 2
385 582 3
385 583 2
385 593 3
385 603 3
385 619 2
385 625 2
385 642 2
385 650 3
385 651 3
385 659 3
385 663 3
385 672 2
385 674 3
385 678 2
385 679 3
385 684 3
385 692 2
385 693 2
385 697 2
385 715 2
385 732 3
385 735 3
385 737 2
385 742 2
385 744 2
385 768 2
385 769 2
385 772 2
385 773 2
385 774 2
385 789 2
385 790 2
385 806 2
385 844 2
385 845 2
385 854 2
385 856 2
385 919 2
385 942 2
385 943 2
385 952 2
385 969 2
385 972 2
385 984 2
386 5 4
386 56 4
386 100 4
386 111 4
386 117 4
386 147 4
386 184 4
386 237 4
386 259 4
386 288 4
386 298 4
386 307 4
386 310 4
386 315 5
386 323 4
386 326 4
386 333 5
386 508 4
386 569 4
386 591 4
386 628 4
386 678 4
386 680 4
386 682 4
386 690 4
386 742 4
386 769 4
386 773 4
386 816 4
386 845 4
386 871 4
386 895 4
387 4 4
387 8 4
387 23 4
387 25 4
387 28 4
387 29 4
387 38 4
387 40 4
387 42 5
387 47 4
387 50 4
387 53 4
387 56 4
387 58 4
387 59 4
387 64 4
387 65 5
387 66 4
387 69 3
387 72 4
387 77 4
387 79 4
387 80 4
387 82 4
387 88 4
387 90 4
387 94 4
387 95 4
387 98 4
387 99 4
387 100 4
387 105 5
387 109 4
387 111 4
387 118 4
387 127 4
387 131 5
387 132 4
387 136 5
387 142 4
387 151 4
387 152 5
387 153 4
387 154 4
387 159 4
387 160 4
387 167 4
387 168 4
387 172 5
387 173 4
387 174 4
387 176 4
387 178 4
387 179 4
387 181 4
387 185 4
387 186 4
387 191 3
387 194 4
387 197 5
387 202 4
387 204 4
387 205 4
387 208 4
387 210 4
387 211 4
387 216 4
387 217 4
387 234 4
387 238 4
387 249 5
387 275 5
387 283 5
387 285 5
387 300 5
387 301 4
387 346 4
387 378 4
387 383 4
387 384 4
387 393 4
387 395 4
387 396 4
387 401 4
387 404 4
387 407 5
387 410 4
387 411 4
387 414 5
387 416 4
387 420 4
387 423 4
387 428 4
387 429 4
387 435 5
387 451 4
387 454 5
387 467 4
387 471 4
387 474 4
387 475 4
387 477 5
387 478 5
387 479 5
387 480 4
387 481 4
387 483 4
387 484 4
387 490 5
387 491 4
387 492 4
387 493 5
387 497 5
387 498 4
387 499 5
387 501 4
387 502 5
387 503 4
387 504 4
387 506 4
387 507 4
387 509 4
387 510 4
387 514 5
387 517 5
387 518 4
387 519 4
387 520 4
387 525 4
387 526 4
387 550 4
387 558 4
387 568 4
387 583 4
387 584 4
387 588 4
387 591 4
387 602 5
387 604 5
387 605 4
387 607 5
387 610 5
387 612 4
387 613 5
387 615 5
387 616 4
387 630 4
387 631 4
387 642 4
387 649 4
387 656 4
387 657 4
387 661 5
387 662 4
387 671 4
387 674 4
387 693 4
387 699 4
387 700 5
387 705 5
387 712 4
387 715 4
387 731 4
387 732 4
387 736 4
387 739 4
387 756 5
387 763 5
387 778 4
387 780 4
387 785 5
387 792 5
387 820 4
387 824 4
387 835 5
387 836 5
387 845 4
387 847 4
387 923 5
387 926 5
387 942 5
387 945 5
387 954 5
387 997 5
388 1 3
388 9 2
388 13 2
388 126 1
388 258 2
388 275 2
388 302 2
388 304 1
388 319 1
388 328 1
388 329 1
388 331 1
388 740 1
388 742 2
388 845 1
388 989 1
389 9 4
389 11 4
389 12 4
389 15 3
389 22 4
389 31 4
389 47 3
389 48 4
389 56 4
389 58 3
389 59 3
389 60 3
389 64 4
389 69 4
389 71 4
389 76 3
389 89 4
389 97 4
389 100 4
389 127 4
389 132 4
389 134 4
389 148 3
389 168 4
389 173 4
389 182 4
389 188 3
389 191 4
389 195 4
389 197 4
389 200 4
389 203 4
389 204 4
389 205 3
389 213 3
389 215 4
389 222 3
389 234 4
389 237 3
389 238 4
389 258 3
389 264 3
389 276 3
389 282 3
389 286 3
389 288 3
389 294 3
389 300 3
389 318 4
389 334 3
389 357 4
389 421 3
389 458 3
389 460 3
389 471 3
389 474 4
389 479 4
389 480 4
389 482 3
389 490 3
389 491 3
389 498 4
389 504 3
389 507 3
389 508 3
389 510 4
389 511 4
389 527 4
389 530 3
389 544 3
389 546 3
389 603 3
389 604 3
389 628 3
389 646 3
389 659 3
389 661 3
389 678 3
389 748 3
389 772 3
389 774 3
389 963 3
390 8 5
390 23 5
390 58 5
390 59 5
390 99 5
390 114 4
390 129 5
390 166 5
390 169 5
390 170 5
390 172 5
390 173 5
390 178 5
390 179 5
390 180 5
390 181 5
390 189 5
390 191 5
390 197 5
390 199 5
390 200 5
390 209 5
390 244 4
390 248 4
390 249 4
390 250 4
390 255 4
390 257 4
390 260 4
390 268 4
390 270 4
390 271 4
390 272 4
390 276 4
390 285 4
390 288 4
390 289 4
390 293 4
390 294 4
390 297 4
390 300 4
390 302 4
390 303 4
390 304 4
390 310 4
390 312 4
390 313 4
390 319 4
390 321 4
390 323 4
390 324 4
390 325 4
390 328 4
390 333 4
390 340 4
390 344 4
390 345 4
390 346 4
390 347 4
390 463 5
390 482 5
390 491 5
390 492 5
390 493 5
390 511 5
390 515 5
390 534 5
390 538 4
390 615 5
390 632 5
390 650 5
390 663 5
390 705 5
390 813 5
390 847 5
390 872 4
390 873 4
390 880 4
391 2 5
391 3 5
391 4 5
391 5 5
391 7 5
391 11 5
391 12 5
391 15 5
391 17 5
391 21 5
391 22 5
391 24 5
391 25 5
391 26 5
391 27 5
391 28 5
391 29 5
391 31 5
391 36 5
391 38 5
391 40 5
391 41 5
391 42 5
391 48 5
391 49 5
391 50 4
391 51 5
391 54 5
391 55 5
391 56 4
391 58 5
391 62 5
391 64 4
391 65 5
391 67 5
391 68 5
391 69 4
391 70 5
391 71 5
391 73 5
391 78 5
391 79 4
391 81 5
391 83 5
391 84 5
391 85 5
391 86 5
391 87 5
391 88 5
391 90 5
391 94 5
391 95 5
391 99 5
391 100 4
391 105 5
391 108 5
391 109 5
391 110 5
391 111 5
391 117 5
391 118 5
391 122 5
391 123 5
391 126 5
391 128 5
391 132 5
391 135 5
391 136 5
391 138 5
391 139 5
391 142 5
391 144 5
391 147 5
391 148 5
391 153 5
391 154 5
391 161 5
391 168 5
391 169 5
391 172 5
391 173 5
391 181 5
391 184 5
391 186 5
391 189 5
391 191 5
391 194 5
391 196 5
391 202 5
391 203 5
391 204 5
391 206 5
391 215 5
391 222 5
391 223 5
391 227 5
391 228 5
391 233 5
391 237 5
391 239 5
391 240 5
391 241 5
391 243 5
391 245 5
391 252 5
391 255 5
391 257 5
391 258 5
391 265 5
391 270 5
391 271 5
391 273 5
391 274 5
391 275 5
391 278 5
391 280 5
391 281 5
391 283 5
391 290 5
391 291 5
391 294 5
391 298 5
391 303 5
391 313 5
391 316 5
391 317 5
391 318 5
391 321 5
391 323 5
391 328 5
391 333 5
391 338 5
391 342 5
391 344 5
391 347 5
391 354 5
391 355 5
391 356 5
391 357 5
391 362 5
391 363 5
391 364 5
391 365 5
391 366 5
391 369 5
391 373 5
391 374 5
391 376 5
391 377 5
391 378 5
391 380 5
391 385 5
391 386 5
391 391 5
391 393 5
391 394 5
391 396 5
391 403 5
391 404 5
391 405 5
391 409 5
391 410 5
391 412 5
391 415 5
391 417 5
391 418 5
391 419 5
391 420 5
391 421 5
391 423 4
391 431 5
391 443 5
391 456 5
391 465 5
391 470 5
391 471 5
391 472 5
391 473 5
391 476 5
391 477 5
391 479 5
391 480 5
391 496 5
391 497 5
391 500 5
391 501 5
391 527 5
391 538 5
391 539 5
391 540 5
391 544 5
391 546 5
391 550 5
391 552 5
391 553 5
391 554 5
391 559 5
391 561 5
391 566 5
391 568 5
391 569 5
391 571 5
391 576 5
391 578 5
391 588 5
391 591 5
391 596 5
391 597 5
391 622 5
391 623 5
391 628 5
391 630 5
391 633 5
391 636 5
391 644 5
391 651 5
391 655 5
391 659 5
391 672 5
391 681 5
391 683 5
391 685 5
391 686 5
391 687 5
391 690 5
391 692 5
391 696 5
391 705 5
391 710 5
391 715 5
391 717 5
391 721 5
391 722 5
391 725 5
391 727 5
391 728 5
391 731 5
391 737 5
391 739 5
391 742 5
391 747 5
391 751 5
391 755 5
391 756 5
391 761 5
391 763 5
391 771 5
391 775 5
391 778 5
391 779 5
391 780 5
391 781 5
391 783 5
391 789 5
391 792 5
391 794 5
391 797 5
391 802 5
391 805 5
391 808 5
391 810 5
391 812 5
391 815 5
391 821 5
391 824 5
391 825 5
391 826 5
391 831 5
391 836 5
391 840 5
391 841 5
391 842 5
391 843 5
391 845 5
391 870 5
391 871 5
391 876 5
391 879 5
391 890 5
391 905 5
391 922 5
391 929 5
391 930 5
391 932 5
391 939 5
391 940 5
391 944 5
391 949 5
391 951 5
391 953 5
391 964 5
391 977 5
391 996 5
391 997 5
391 999 5
391 1000 5
392 1 3
392 7 3
392 28 2
392 31 2
392 38 2
392 39 2
392 42 2
392 56 3
392 63 2
392 68 2
392 72 2
392 73 2
392 79 3
392 84 2
392 88 2
392 96 3
392 97 2
392 98 3
392 101 2
392 117 2
392 121 3
392 128 2
392 132 3
392 144 3
392 154 2
392 156 2
392 158 2
392 161 3
392 164 2
392 172 3
392 174 4
392 179 2
392 181 4
392 184 2
392 195 4
392 208 3
392 210 3
392 216 3
392 217 2
392 218 2
392 222 3
392 226 2
392 227 2
392 229 3
392 230 3
392 232 2
392 233 2
392 238 2
392 250 2
392 257 3
392 265 3
392 282 2
392 288 3
392 313 2
392 364 2
392 383 2
392 385 3
392 386 2
392 411 2
392 416 2
392 419 2
392 423 3
392 433 2
392 449 2
392 450 2
392 455 2
392 496 3
392 508 2
392 540 2
392 541 2
392 550 2
392 552 2
392 554 2
392 559 2
392 561 2
392 568 3
392 576 2
392 578 2
392 597 2
392 655 2
392 658 2
392 665 2
392 679 2
392 746 2
392 763 2
392 771 2
392 773 1
392 780 2
392 797 2
392 802 2
392 979 2
393 1 3
393 50 4
393 64 4
393 89 4
393 97 4
393 98 4
393 100 3
393 121 3
393 151 3
393 154 3
393 174 4
393 186 4
393 196 4
393 210 4
393 216 4
393 237 3
393 252 3
393 255 3
393 257 3
393 273 3
393 313 3
393 315 3
393 328 3
393 342 3
393 343 3
393 423 4
393 458 3
393 472 3
393 632 3
393 739 3
393 892 3
393 924 3
394 1 4
394 9 3
394 25 3
394 100 3
394 106 2
394 117 4
394 121 4
394 125 4
394 222 4
394 237 3
394 245 3
394 260 2
394 274 3
394 291 3
394 300 3
394 322 3
394 328 3
394 329 3
394 333 2
394 405 4
394 455 3
394 471 3
394 591 3
394 619 3
394 678 3
394 717 3
394 751 3
394 840 3
394 930 3
394 977 3
394 986 3
395 7 3
395 8 3
395 23 2
395 56 3
395 95 2
395 100 4
395 108 2
395 109 2
395 117 2
395 127 3
395 134 3
395 135 3
395 156 2
395 171 2
395 172 3
395 174 3
395 177 2
395 178 2
395 181 3
395 183 3
395 192 2
395 194 3
395 197 3
395 210 3
395 221 2
395 223 2
395 261 1
395 268 2
395 286 2
395 288 2
395 302 2
395 313 2
395 318 3
395 322 1
395 324 1
395 325 1
395 327 2
395 334 2
395 338 2
395 340 2
395 345 2
395 346 1
395 390 2
395 423 3
395 457 1
395 475 2
395 479 2
395 483 3
395 498 3
395 513 2
395 588 2
395 615 2
395 641 2
395 657 3
395 680 1
395 705 2
395 748 2
395 751 2
395 853 1
395 855 2
395 878 1
395 894 1
395 896 1
395 988 1
395 989 1
395 991 1
396 4 2
396 12 3
396 13 3
396 15 3
396 25 3
396 28 2
396 31 2
396 47 2
396 49 2
396 50 4
396 56 3
396 58 2
396 63 2
396 64 3
396 65 2
396 66 2
396 69 3
396 70 3
396 72 2
396 73 2
396 82 3
396 85 2
396 88 2
396 94 2
396 95 2
396 117 2
396 124 2
396 125 2
396 126 2
396 127 3
396 144 2
396 152 2
396 154 2
396 159 2
396 162 2
396 163 2
396 167 2
396 168 3
396 172 3
396 173 3
396 174 3
396 178 2
396 181 3
396 182 3
396 183 3
396 186 3
396 191 3
396 194 2
396 196 3
396 197 3
396 199 2
396 202 3
396 203 3
396 204 2
396 205 2
396 211 3
396 216 3
396 227 2
396 228 3
396 229 2
396 230 2
396 234 3
396 235 2
396 239 2
396 274 2
396 276 2
396 284 2
396 357 3
396 385 2
396 393 2
396 399 2
396 403 2
396 414 2
396 417 2
396 423 3
396 429 2
396 430 2
396 432 3
396 435 2
396 474 3
396 476 2
396 479 2
396 480 2
396 481 2
396 485 2
396 491 2
396 493 2
396 494 2
396 495 2
396 496 3
396 497 2
396 498 3
396 501 2
396 502 2
396 504 2
396 510 2
396 514 3
396 519 2
396 520 2
396 521 2
396 525 2
396 588 3
396 589 2
396 591 2
396 602 2
396 648 1
396 654 2
396 663 2
396 692 2
396 700 2
396 710 2
396 715 2
396 732 2
396 735 2
396 737 2
396 756 2
396 796 2
396 953 2
396 969 2
396 991 2
396 993 2
397 2 5
397 5 5
397 8 5
397 9 4
397 15 5
397 22 5
397 26 5
397 31 5
397 33 5
397 38 5
397 41 5
397 42 5
397 48 5
397 53 5
397 55 5
397 56 4
397 57 5
397 58 5
397 62 5
397 63 5
397 66 5
397 67 5
397 68 5
397 69 5
397 71 5
397 72 5
397 73 5
397 77 5
397 79 4
397 80 5
397 84 5
397 91 5
397 94 5
397 95 5
397 97 5
397 98 4
397 99 5
397 102 5
397 110 5
397 114 5
397 117 4
397 118 5
397 121 4
397 127 4
397 128 5
397 132 5
397 140 5
397 143 5
397 144 5
397 147 5
397 148 5
397 153 4
397 154 5
397 155 5
397 156 5
397 157 5
397 161 5
397 164 5
397 172 5
397 173 4
397 174 4
397 175 5
397 179 5
397 180 5
397 181 4
397 186 5
397 187 5
397 188 5
397 195 4
397 196 4
397 203 5
397 204 5
397 210 4
397 214 5
397 215 5
397 219 5
397 223 5
397 226 5
397 227 5
397 228 5
397 229 5
397 230 5
397 231 5
397 233 5
397 234 5
397 237 5
397 238 5
397 239 5
397 241 5
397 264 5
397 265 5
397 268 5
397 273 5
397 274 5
397 276 5
397 282 5
397 284 5
397 288 5
397 289 5
397 291 5
397 295 5
397 301 5
397 307 5
397 318 5
397 323 5
397 332 5
397 338 5
397 340 5
397 364 5
397 372 5
397 378 5
397 382 5
397 383 5
397 384 5
397 385 5
397 386 5
397 388 5
397 389 5
397 393 5
397 399 5
397 400 5
397 401 5
397 402 5
397 403 5
397 405 5
397 407 5
397 412 5
397 413 5
397 418 5
397 420 5
397 423 5
397 431 5
397 432 5
397 436 5
397 444 5
397 450 5
397 451 5
397 452 5
397 454 5
397 455 5
397 459 5
397 470 5
397 471 5
397 475 5
397 486 5
397 496 5
397 501 5
397 506 5
397 508 5
397 527 5
397 531 5
397 542 5
397 543 5
397 544 5
397 546 5
397 549 5
397 550 5
397 551 5
397 554 5
397 559 5
397 564 5
397 566 5
397 568 5
397 575 5
397 576 5
397 578 5
397 582 5
397 587 5
397 588 5
397 591 5
397 597 5
397 616 5
397 622 5
397 628 5
397 633 5
397 651 5
397 655 5
397 673 5
397 679 5
397 684 5
397 693 5
397 697 5
397 710 5
397 720 5
397 722 5
397 727 5
397 732 5
397 735 5
397 738 5
397 742 5
397 744 5
397 747 5
397 754 5
397 755 5
397 760 5
397 763 5
397 768 5
397 769 5
397 772 5
397 774 5
397 779 5
397 781 5
397 806 5
397 809 5
397 813 5
397 817 5
397 824 5
397 825 5
397 826 5
397 845 5
397 924 5
397 926 5
397 928 5
397 941 5
397 946 5
397 959 5
397 969 5
397 975 5
397 977 5
397 986 5
398 258 4
398 286 4
398 288 3
398 294 4
398 300 4
398 304 4
398 332 3
398 689 4
398 690 3
399 9 3
399 11 2
399 13 3
399 14 3
399 25 3
399 26 2
399 44 2
399 50 2
399 64 3
399 65 2
399 69 3
399 70 2
399 71 2
399 83 2
399 97 3
399 100 3
399 117 3
399 127 3
399 133 2
399 135 2
399 143 2
399 144 2
399 147 2
399 151 2
399 153 2
399 154 2
399 157 2
399 161 2
399 162 2
399 172 2
399 173 2
399 174 2
399 181 2
399 194 2
399 196 2
399 197 2
399 198 3
399 199 3
399 202 2
399 204 3
399 210 2
399 225 2
399 248 2
399 257 2
399 272 3
399 273 2
399 275 3
399 276 3
399 280 3
399 282 3
399 294 2
399 302 3
399 312 3
399 315 3
399 316 3
399 321 3
399 322 2
399 328 2
399 342 3
399 356 2
399 357 3
399 365 2
399 371 3
399 385 2
399 404 2
399 430 2
399 435 3
399 451 2
399 462 3
399 471 3
399 473 3
399 477 2
399 478 3
399 481 2
399 483 3
399 485 3
399 486 3
399 493 3
399 499 2
399 501 2
399 507 2
399 508 2
399 509 2
399 511 2
399 515 3
399 519 3
399 520 2
399 527 2
399 528 3
399 535 2
399 553 3
399 566 2
399 582 2
399 588 2
399 603 3
399 604 3
399 609 3
399 630 2
399 632 3
399 638 3
399 651 2
399 654 3
399 655 2
399 659 3
399 661 2
399 684 3
399 707 3
399 724 3
399 735 3
399 748 3
399 762 3
399 815 2
399 866 3
399 892 2
400 7 3
400 9 3
400 10 2
400 12 3
400 13 3
400 16 2
400 19 2
400 25 3
400 42 2
400 50 4
400 111 3
400 116 2
400 117 3
400 124 3
400 126 2
400 127 3
400 135 3
400 151 3
400 182 3
400 204 4
400 235 3
400 237 3
400 245 3
400 255 2
400 257 3
400 273 3
400 276 3
400 286 3
400 455 2
400 471 3
400 475 2
400 476 3
400 479 3
400 480 3
400 483 3
400 511 3
400 515 3
400 529 2
400 628 2
400 696 2
400 864 2