201 1 2
201 111 2
201 268 2
201 283 1
201 291 1
201 305 1
201 331 1
201 740 1
202 259 1
202 292 1
202 682 1
202 872 1
202 877 1
202 880 1
202 887 1
202 895 1
202 948 1
203 7 1
203 9 1
203 100 2
203 106 1
203 111 1
203 117 1
203 118 1
203 121 1
203 123 1
203 129 1
203 148 1
203 181 2
203 222 1
203 235 1
203 274 1
203 276 1
203 284 1
203 291 1
203 370 1
203 410 1
203 471 1
203 472 1
203 515 1
203 546 1
203 597 1
203 685 1
203 748 1
203 845 1
203 864 1
203 866 1
203 925 1
203 928 1
204 22 1
204 66 1
204 243 1
204 245 1
204 258 2
204 259 1
204 269 2
204 270 1
204 289 1
204 300 2
204 307 1
204 310 1
204 313 2
204 323 1
204 327 1
204 331 1
204 333 1
204 342 1
204 343 1
204 348 1
204 678 1
204 683 1
204 687 1
204 689 1
204 690 1
204 748 1
204 754 1
204 879 1
204 892 1
204 901 1
205 2 1
205 5 1
205 8 1
205 11 1
205 12 1
205 22 1
205 23 1
205 28 1
205 29 1
205 30 1
205 31 1
205 32 1
205 33 1
205 37 1
205 38 1
205 39 1
205 40 1
205 41 1
205 42 1
205 43 1
205 45 1
205 47 1
205 48 1
205 49 1
205 50 1
205 51 1
205 52 1
205 53 1
205 55 1
205 56 1
205 57 1
205 58 1
205 60 1
205 61 1
205 62 1
205 63 1
205 64 1
205 66 1
205 67 1
205 68 1
205 70 1
205 71 1
205 72 1
205 73 1
205 75 1
205 76 1
205 77 1
205 78 1
205 80 1
205 81 1
205 82 1
205 83 1
205 85 1
205 87 1
205 88 1
205 90 1
205 91 1
205 92 1
205 94 1
205 96 1
205 97 1
205 98 1
205 101 1
205 102 1
205 127 1
205 132 1
205 135 1
205 139 1
205 141 1
205 142 1
205 149 1
205 161 1
205 168 1
205 169 1
205 172 1
205 173 1
205 175 1
205 178 1
205 179 1
205 180 1
205 183 1
205 184 1
205 185 1
205 186 1
205 188 1
205 189 1
205 190 1
205 191 1
205 192 1
205 193 1
205 195 1
205 197 1
205 198 1
205 199 1
205 200 1
205 202 1
205 204 1
205 206 1
205 207 1
205 208 1
205 210 1
205 211 1
205 212 1
205 214 1
205 215 1
205 216 1
205 217 1
205 218 1
205 219 1
205 226 1
205 227 1
205 228 1
205 229 1
205 230 1
205 231 1
205 232 1
205 233 1
205 234 1
205 238 1
205 239 1
205 265 1
205 288 1
205 302 1
205 308 1
205 317 1
205 318 1
205 347 1
205 350 1
205 351 1
205 356 1
205 361 1
205 364 1
205 365 1
205 366 1
205 367 1
205 371 1
205 374 1
205 376 1
205 377 1
205 379 1
205 383 1
205 384 1
205 386 1
205 387 1
205 388 1
205 391 1
205 393 1
205 395 1
205 396 1
205 397 1
205 399 1
205 400 1
205 402 1
205 403 1
205 404 1
205 414 1
205 415 1
205 416 1
205 417 1
205 419 1
205 420 1
205 421 1
205 422 1
205 423 1
205 426 1
205 427 1
205 430 1
205 431 1
205 433 1
205 434 1
205 437 1
205 438 1
205 439 1
205 440 1
205 441 1
205 442 1
205 444 1
205 446 1
205 447 1
205 448 1
205 449 1
205 450 1
205 451 1
205 452 1
205 453 1
205 461 1
205 462 1
205 463 1
205 464 1
205 465 1
205 467 1
205 469 1
205 470 1
205 480 1
205 482 1
205 501 1
205 504 1
205 509 1
205 510 1
205 511 1
205 514 1
205 515 1
205 516 1
205 517 1
205 518 1
205 519 1
205 520 1
205 521 1
205 522 1
205 523 1
205 524 1
205 525 1
205 526 1
205 527 1
205 528 1
205 529 1
205 530 1
205 536 1
205 537 1
205 540 1
205 541 1
205 543 1
205 545 1
205 548 1
205 549 1
205 551 1
205 552 1
205 553 1
205 555 1
205 556 1
205 557 1
205 558 1
205 559 1
205 560 1
205 561 1
205 562 1
205 563 1
205 564 1
205 565 1
205 566 1
205 567 1
205 568 1
205 569 1
205 570 1
205 573 1
205 574 1
205 575 1
205 577 1
205 578 1
205 579 1
205 580 1
205 581 1
205 583 1
205 584 1
205 585 1
205 586 1
205 588 1
205 592 1
205 593 1
205 603 1
205 606 1
205 622 1
205 623 1
205 624 1
205 625 1
205 626 1
205 627 1
205 639 1
205 642 1
205 643 1
205 644 1
205 645 1
205 647 1
205 648 1
205 649 1
205 650 1
205 651 1
205 652 1
205 653 1
205 654 1
205 655 1
205 656 1
205 659 1
205 661 1
205 662 1
205 664 1
205 666 1
205 667 1
205 669 1
205 670 1
205 671 1
205 673 1
205 674 1
205 675 1
205 679 1
205 684 1
205 692 1
205 693 1
205 694 1
205 695 1
205 697 1
205 699 1
205 700 1
205 702 1
205 707 1
205 708 1
205 710 1
205 712 1
205 714 1
205 715 1
205 716 1
205 719 1
205 720 1
205 721 1
205 722 1
205 723 1
205 726 1
205 727 1
205 728 1
205 729 1
205 731 1
205 732 1
205 734 1
205 736 1
205 739 1
205 745 1
205 746 1
205 747 1
205 753 1
205 755 1
205 759 1
205 761 1
205 765 1
205 768 1
205 769 1
205 770 1
205 771 1
205 772 1
205 773 1
205 774 1
205 775 1
205 776 1
205 777 1
205 778 1
205 779 1
205 780 1
205 782 1
205 783 1
205 784 1
205 785 1
205 786 1
205 787 1
205 788 1
205 789 1
205 790 1
205 791 1
205 793 1
205 794 1
205 795 1
205 796 1
205 798 1
205 802 1
205 807 1
205 808 1
205 810 1
205 812 1
205 816 1
205 842 1
205 843 1
205 849 1
205 851 1
205 853 1
205 854 1
205 855 1
205 858 1
205 859 1
205 860 1
205 861 1
205 904 1
205 921 1
205 939 1
205 941 1
205 943 1
205 944 1
205 946 1
205 947 1
205 949 1
205 951 1
205 953 1
205 955 1
205 956 1
205 957 1
205 959 1
205 960 1
205 964 1
205 969 1
205 971 1
205 994 1
205 996 1
205 997 1
205 999 1
206 1 1
206 3 1
206 4 1
206 5 1
206 7 1
206 8 1
206 10 1
206 11 1
206 12 1
206 13 1
206 14 1
206 15 1
206 20 1
206 22 1
206 24 1
206 25 1
206 28 1
206 30 1
206 32 1
206 39 1
206 40 1
206 42 1
206 47 1
206 48 1
206 50 1
206 52 1
206 58 1
206 63 1
206 64 1
206 69 1
206 71 1
206 72 1
206 79 1
206 85 1
206 86 1
206 87 1
206 89 1
206 92 1
206 93 1
206 96 1
206 99 1
206 115 1
206 117 1
206 121 1
206 123 1
206 125 1
206 127 1
206 129 1
206 131 1
206 132 1
206 133 1
206 134 1
206 135 1
206 136 1
206 143 1
206 148 1
206 151 1
206 152 1
206 153 1
206 156 1
206 158 1
206 164 1
206 168 1
206 170 1
206 172 1
206 173 1
206 174 1
206 175 1
206 179 1
206 181 1
206 182 1
206 183 1
206 186 1
206 187 1
206 188 1
206 190 1
206 191 1
206 194 1
206 195 1
206 196 1
206 198 1
206 199 1
206 202 1
206 203 1
206 204 1
206 206 1
206 209 1
206 211 1
206 212 1
206 213 1
206 215 1
206 218 1
206 219 1
206 220 1
206 222 1
206 228 1
206 234 1
206 235 1
206 237 1
206 238 1
206 239 1
206 240 1
206 274 1
206 275 1
206 276 1
206 277 1
206 284 1
206 289 1
206 317 1
206 318 1
206 357 1
206 368 1
206 381 1
206 396 1
206 404 1
206 405 1
206 410 1
206 411 1
206 414 1
206 418 1
206 419 1
206 420 1
206 421 1
206 427 1
206 428 1
206 429 1
206 430 1
206 431 1
206 434 1
206 435 1
206 436 1
206 443 1
206 447 1
206 451 1
206 452 1
206 453 1
206 461 1
206 463 1
206 468 1
206 469 1
206 474 1
206 476 1
206 479 1
206 480 1
206 481 1
206 482 1
206 485 1
206 487 1
206 488 1
206 490 1
206 496 1
206 498 1
206 499 1
206 501 1
206 503 1
206 504 1
206 505 1
206 507 1
206 508 1
206 509 1
206 511 1
206 514 1
206 515 1
206 517 1
206 519 1
206 520 1
206 523 1
206 524 1
206 526 1
206 527 1
206 528 1
206 529 1
206 543 1
206 559 1
206 561 1
206 573 1
206 582 1
206 588 1
206 589 1
206 591 1
206 596 1
206 605 1
206 606 1
206 607 1
206 608 1
206 610 1
206 611 1
206 612 1
206 624 1
206 632 1
206 633 1
206 634 1
206 638 1
206 639 1
206 640 1
206 641 1
206 642 1
206 645 1
206 647 1
206 651 1
206 652 1
206 655 1
206 662 1
206 663 1
206 664 1
206 665 1
206 672 1
206 675 1
206 692 1
206 693 1
206 699 1
206 701 1
206 705 1
206 712 1
206 713 1
206 715 1
206 727 1
206 732 1
206 735 1
206 737 1
206 745 1
206 746 1
206 747 1
206 756 1
206 772 1
206 787 1
206 813 1
206 823 1
206 825 1
206 826 1
206 831 1
206 845 1
206 919 1
206 921 1
206 923 1
206 942 1
206 960 1
206 962 1
207 1 2
207 2 1
207 4 1
207 8 1
207 25 2
207 28 1
207 29 1
207 40 1
207 45 1
207 50 3
207 56 2
207 62 1
207 68 1
207 69 1
207 70 1
207 82 1
207 88 1
207 89 2
207 91 1
207 96 1
207 97 1
207 98 2
207 99 1
207 100 2
207 117 2
207 118 1
207 123 1
207 127 2
207 132 1
207 135 1
207 143 1
207 144 1
207 147 1
207 157 1
207 158 1
207 159 1
207 161 1
207 163 1
207 172 2
207 173 1
207 174 2
207 177 1
207 179 1
207 180 1
207 181 2
207 182 1
207 183 1
207 185 1
207 186 1
207 188 1
207 193 1
207 194 1
207 196 1
207 197 1
207 200 1
207 201 1
207 202 1
207 203 1
207 205 1
207 208 1
207 209 1
207 211 1
207 214 1
207 215 1
207 216 2
207 217 1
207 218 1
207 222 2
207 223 1
207 226 1
207 227 1
207 228 1
207 229 1
207 230 1
207 231 1
207 232 1
207 235 1
207 238 1
207 239 1
207 244 1
207 248 1
207 249 1
207 250 1
207 255 1
207 257 1
207 265 1
207 269 2
207 274 1
207 286 2
207 289 1
207 290 1
207 291 1
207 313 2
207 316 1
207 345 1
207 357 1
207 371 1
207 382 1
207 385 1
207 393 1
207 399 1
207 400 1
207 405 2
207 416 1
207 418 1
207 423 1
207 427 1
207 428 1
207 432 1
207 433 1
207 436 1
207 447 1
207 448 1
207 449 1
207 455 1
207 466 1
207 476 1
207 478 1
207 479 1
207 483 1
207 484 1
207 493 1
207 496 1
207 502 1
207 508 1
207 510 1
207 514 1
207 519 1
207 521 1
207 525 1
207 559 1
207 561 1
207 565 1
207 588 1
207 603 1
207 616 1
207 629 1
207 635 1
207 642 1
207 648 1
207 656 1
207 657 1
207 660 1
207 675 1
207 684 1
207 705 1
207 710 1
207 712 1
207 715 1
207 729 1
207 732 1
207 746 1
207 755 1
207 756 1
207 785 1
207 844 1
207 859 1
207 869 1
207 879 1
207 949 1
207 969 1
207 972 1
207 993 1
208 270 1
208 271 1
208 286 2
208 294 2
208 300 2
208 313 2
208 315 1
208 319 1
208 328 1
208 347 1
208 358 1
208 539 1
208 683 1
208 689 1
208 748 1
209 6 1
209 8 1
209 9 2
209 12 2
209 14 1
209 22 1
209 23 1
209 28 1
209 30 1
209 48 1
209 50 3
209 58 1
209 59 1
209 60 1
209 65 1
209 87 1
209 97 1
209 98 2
209 99 1
209 100 3
209 133 1
209 135 1
209 153 1
209 154 1
209 156 1
209 162 1
209 166 1
209 168 2
209 170 1
209 172 2
209 173 2
209 174 2
209 175 1
209 179 1
209 181 2
209 186 1
209 191 2
209 192 1
209 195 2
209 197 1
209 199 1
209 200 1
209 201 1
209 202 1
209 203 1
209 204 2
209 205 1
209 207 1
209 209 1
209 210 2
209 213 1
209 214 1
209 216 2
209 223 1
209 264 1
209 266 1
209 270 1
209 275 1
209 276 2
209 283 1
209 285 1
209 286 2
209 288 2
209 300 2
209 303 1
209 318 2
209 321 1
209 322 1
209 325 1
209 327 1
209 339 1
209 343 1
209 357 2
209 367 1
209 381 1
209 382 1
209 404 1
209 427 1
209 428 1
209 429 1
209 430 1
209 433 1
209 435 1
209 461 1
209 478 1
209 479 1
209 480 1
209 481 1
209 482 1
209 483 1
209 485 1
209 486 1
209 489 1
209 491 1
209 493 1
209 496 1
209 497 1
209 498 1
209 504 1
209 505 1
209 514 1
209 516 1
209 518 1
209 520 1
209 523 1
209 526 1
209 527 1
209 528 1
209 530 1
209 604 1
209 606 1
209 607 1
209 608 1
209 609 1
209 615 1
209 618 1
209 631 1
209 633 1
209 647 1
209 654 1
209 659 1
209 661 1
209 664 1
209 676 1
209 680 1
209 684 1
209 708 1
209 709 1
209 714 1
209 733 1
209 749 1
209 855 1
209 877 1
209 879 1
209 937 1
209 945 1
209 965 1
209 995 1
210 258 1
210 269 1
210 286 1
210 289 1
210 300 1
210 311 1
210 312 1
210 313 1
210 315 1
210 316 1
210 323 1
210 328 1
210 340 1
210 354 1
210 690 1
210 754 1
210 873 1
210 898 1
210 905 1
211 1 2
211 4 1
211 9 1
211 22 1
211 38 1
211 56 2
211 73 1
211 88 1
211 117 1
211 161 1
211 168 1
211 172 1
211 181 2
211 186 1
211 195 1
211 196 1
211 208 1
211 209 1
211 210 1
211 222 1
211 227 1
211 228 1
211 229 1
211 230 1
211 258 2
211 265 1
211 276 1
211 318 1
211 405 1
211 435 1
211 449 1
211 451 1
211 485 1
211 527 1
211 566 1
211 568 1
211 651 1
211 655 1
211 709 1
211 720 1
211 732 1
211 770 1
212 4 1
212 7 2
212 23 1
212 24 1
212 28 1
212 56 2
212 64 1
212 70 1
212 81 1
212 92 1
212 96 1
212 150 1
212 154 1
212 172 1
212 173 1
212 175 1
212 182 1
212 186 1
212 193 1
212 206 1
212 211 1
212 218 1
212 276 1
212 288 2
212 318 1
212 340 1
212 408 1
212 427 1
212 436 1
212 480 1
212 487 1
212 508 1
212 526 1
212 634 1
212 651 1
212 684 1
212 724 1
213 7 1
213 9 1
213 15 1
213 50 2
213 124 1
213 181 2
213 222 1
213 236 1
213 245 1
213 255 1
213 257 1
213 258 2
213 260 1
213 269 1
213 271 1
213 275 1
213 286 2
213 297 1
213 300 1
213 301 1
213 302 1
213 303 1
213 306 1
213 326 1
213 328 1
213 332 1
213 471 1
213 508 1
213 628 1
213 690 1
213 877 1
213 936 1
214 100 3
214 258 3
214 260 1
214 294 2
214 300 2
214 301 1
214 302 2
214 325 1
214 340 1
214 343 1
214 678 1
214 748 1
215 56 2
215 185 1
215 195 2
215 243 1
215 269 2
215 322 1
215 323 1
215 328 2
215 432 1
215 531 1
215 748 1
215 754 1
216 1 2
216 2 1
216 7 2
216 8 1
216 9 1
216 10 1
216 11 1
216 12 1
216 13 1
216 14 1
216 21 1
216 22 1
216 24 1
216 25 2
216 27 1
216 28 1
216 29 1
216 31 1
216 32 1
216 36 1
216 38 1
216 41 1
216 42 1
216 43 1
216 44 1
216 49 1
216 50 3
216 51 1
216 53 1
216 54 1
216 55 1
216 56 2
216 58 1
216 64 2
216 65 1
216 66 1
216 67 1
216 69 1
216 70 1
216 71 1
216 73 1
216 77 1
216 81 1
216 82 1
216 83 1
216 85 1
216 86 1
216 87 1
216 88 1
216 90 1
216 92 1
216 93 1
216 94 1
216 97 1
216 98 2
216 99 1
216 105 1
216 106 1
216 107 1
216 117 2
216 121 2
216 123 1
216 125 1
216 126 1
216 127 2
216 132 1
216 133 1
216 134 1
216 136 1
216 137 1
216 140 1
216 142 1
216 143 1
216 144 1
216 148 1
216 154 1
216 155 1
216 156 1
216 157 1
216 158 1
216 159 1
216 161 1
216 168 1
216 172 1
216 174 2
216 176 1
216 178 1
216 181 2
216 182 1
216 183 1
216 185 1
216 187 1
216 191 1
216 194 1
216 195 2
216 196 1
216 197 1
216 199 1
216 200 1
216 202 1
216 203 1
216 204 1
216 209 1
216 210 1
216 211 1
216 213 1
216 215 1
216 216 1
216 217 1
216 219 1
216 220 1
216 225 1
216 226 1
216 230 1
216 234 1
216 237 2
216 238 1
216 239 1
216 240 1
216 241 1
216 242 1
216 245 1
216 246 1
216 248 1
216 249 1
216 250 1
216 251 1
216 252 1
216 253 1
216 254 1
216 257 1
216 258 2
216 259 1
216 264 1
216 266 1
216 268 1
216 272 1
216 274 1
216 275 1
216 276 1
216 277 1
216 281 1
216 283 1
216 284 1
216 285 1
216 286 2
216 287 1
216 288 2
216 289 1
216 294 2
216 295 1
216 297 1
216 298 1
216 301 1
216 304 1
216 307 1
216 312 1
216 313 2
216 315 1
216 316 1
216 317 1
216 318 1
216 319 1
216 322 1
216 323 1
216 326 1
216 327 1
216 328 1
216 329 1
216 331 1
216 332 1
216 333 1
216 338 1
216 339 1
216 346 1
216 347 1
216 348 1
216 354 1
216 356 1
216 357 1
216 364 1
216 366 1
216 367 1
216 369 1
216 375 1
216 378 1
216 385 1
216 388 1
216 393 1
216 395 1
216 396 1
216 399 1
216 401 1
216 402 1
216 403 1
216 404 1
216 405 2
216 411 1
216 412 1
216 417 1
216 418 1
216 419 1
216 423 1
216 425 1
216 427 1
216 431 1
216 432 1
216 433 1
216 443 1
216 448 1
216 451 1
216 452 1
216 462 1
216 463 1
216 468 1
216 469 1
216 471 1
216 472 1
216 473 1
216 475 1
216 476 1
216 479 1
216 480 1
216 496 1
216 498 1
216 500 1
216 501 1
216 506 1
216 509 1
216 515 1
216 526 1
216 531 1
216 532 1
216 538 1
216 546 1
216 549 1
216 553 1
216 554 1
216 559 1
216 560 1
216 564 1
216 568 1
216 576 1
216 578 1
216 585 1
216 588 1
216 591 1
216 592 1
216 607 1
216 614 1
216 619 1
216 625 1
216 627 1
216 628 1
216 633 1
216 651 1
216 652 1
216 657 1
216 658 1
216 660 1
216 662 1
216 676 1
216 678 1
216 682 1
216 684 1
216 685 1
216 686 1
216 689 1
216 690 1
216 693 1
216 696 1
216 699 1
216 707 1
216 708 1
216 710 1
216 712 1
216 713 1
216 717 1
216 720 1
216 721 1
216 723 1
216 724 1
216 729 1
216 734 1
216 735 1
216 737 1
216 738 1
216 739 1
216 746 1
216 747 1
216 748 1
216 750 1
216 754 1
216 755 1
216 761 1
216 762 1
216 768 1
216 770 1
216 775 1
216 778 1
216 781 1
216 783 1
216 785 1
216 790 1
216 792 1
216 794 1
216 795 1
216 803 1
216 807 1
216 812 1
216 815 1
216 819 1
216 821 1
216 824 1
216 827 1
216 833 1
216 834 1
216 840 1
216 842 1
216 843 1
216 845 1
216 849 1
216 864 1
216 866 1
216 873 1
216 874 1
216 879 1
216 895 1
216 915 1
216 916 1
216 917 1
216 918 1
216 928 1
216 929 1
216 931 1
216 934 1
216 936 1
216 937 1
216 938 1
216 941 1
216 955 1
216 959 1
216 966 1
216 972 1
216 975 1
216 980 1
216 985 1
216 990 1
216 997 1
217 1 1
217 3 1
217 5 1
217 7 1
217 11 1
217 12 1
217 13 1
217 15 1
217 16 1
217 17 1
217 20 1
217 23 1
217 27 1
217 29 1
217 32 1
217 39 1
217 42 1
217 44 1
217 47 1
217 50 2
217 51 1
217 55 1
217 56 1
217 58 1
217 62 1
217 63 1
217 64 1
217 65 1
217 67 1
217 68 1
217 69 1
217 70 1
217 72 1
217 73 1
217 77 1
217 78 1
217 79 1
217 80 1
217 81 1
217 82 1
217 83 1
217 89 1
217 91 1
217 95 1
217 96 1
217 97 1
217 98 1
217 99 1
217 100 2
217 101 1
217 106 1
217 109 1
217 118 1
217 120 1
217 122 1
217 123 1
217 125 1
217 127 1
217 131 1
217 132 1
217 135 1
217 139 1
217 142 1
217 144 1
217 145 1
217 147 1
217 154 1
217 157 1
217 159 1
217 162 1
217 164 1
217 167 1
217 168 1
217 169 1
217 171 1
217 172 1
217 173 1
217 174 1
217 176 1
217 178 1
217 179 1
217 181 1
217 182 1
217 183 1
217 184 1
217 186 1
217 190 1
217 195 1
217 196 1
217 198 1
217 200 1
217 201 1
217 202 1
217 206 1
217 207 1
217 208 1
217 214 1
217 216 1
217 217 1
217 218 1
217 219 1
217 222 1
217 223 1
217 226 1
217 228 1
217 232 1
217 234 1
217 235 1
217 242 1
217 245 1
217 246 1
217 248 1
217 250 1
217 252 1
217 255 1
217 257 1
217 258 2
217 260 1
217 264 1
217 265 1
217 270 1
217 273 1
217 286 1
217 288 1
217 290 1
217 293 1
217 294 1
217 298 1
217 323 1
217 324 1
217 325 1
217 326 1
217 340 1
217 357 1
217 358 1
217 364 1
217 367 1
217 373 1
217 380 1
217 382 1
217 385 1
217 386 1
217 388 1
217 391 1
217 392 1
217 393 1
217 395 1
217 396 1
217 399 1
217 402 1
217 403 1
217 404 1
217 413 1
217 419 1
217 420 1
217 421 1
217 422 1
217 423 1
217 425 1
217 428 1
217 431 1
217 433 1
217 436 1
217 441 1
217 444 1
217 447 1
217 449 1
217 451 1
217 452 1
217 461 1
217 465 1
217 472 1
217 474 1
217 475 1
217 483 1
217 484 1
217 485 1
217 498 1
217 501 1
217 508 1
217 513 1
217 518 1
217 541 1
217 544 1
217 545 1
217 546 1
217 551 1
217 552 1
217 555 1
217 559 1
217 561 1
217 562 1
217 563 1
217 574 1
217 578 1
217 579 1
217 582 1
217 596 1
217 597 1
217 614 1
217 616 1
217 625 1
217 628 1
217 631 1
217 636 1
217 638 1
217 640 1
217 642 1
217 655 1
217 658 1
217 665 1
217 668 1
217 669 1
217 674 1
217 679 1
217 684 1
217 685 1
217 692 1
217 708 1
217 709 1
217 710 1
217 715 1
217 723 1
217 725 1
217 727 1
217 728 1
217 732 1
217 742 1
217 746 1
217 747 1
217 748 1
217 758 1
217 762 1
217 764 1
217 765 1
217 767 1
217 769 1
217 774 1
217 778 1
217 781 1
217 783 1
217 792 1
217 796 1
217 797 1
217 800 1
217 804 1
217 809 1
217 810 1
217 815 1
217 825 1
217 827 1
217 831 1
217 849 1
217 855 1
217 871 1
217 895 1
217 923 1
217 928 1
217 940 1
217 943 1
217 944 1
217 946 1
217 963 1
217 979 1
217 999 1
217 1000 1
218 258 1
218 269 1
218 288 1
218 301 1
218 302 1
218 313 1
218 327 1
218 328 1
218 331 1
218 362 1
218 750 1
218 895 1
218 899 1
219 50 3
219 79 2
219 89 2
219 100 3
219 173 2
219 181 3
219 223 2
219 257 2
219 275 2
219 286 3
219 405 2
219 478 2
219 488 1
219 615 1
219 617 1
219 705 2
220 19 1
220 86 1
220 100 2
220 116 1
220 137 1
220 251 1
220 275 1
220 283 1
220 302 1
220 319 1
220 331 1
220 408 1
220 475 1
220 478 1
220 508 1
220 513 1
220 603 1
220 750 1
220 753 1
221 4 1
221 7 2
221 11 2
221 12 2
221 50 3
221 56 2
221 82 2
221 87 1
221 89 2
221 96 2
221 100 3
221 117 2
221 124 2
221 127 2
221 129 1
221 144 1
221 156 1
221 164 1
221 172 2
221 174 2
221 175 2
221 176 2
221 182 2
221 183 2
221 185 2
221 194 2
221 200 1
221 213 1
221 218 1
221 219 1
221 238 2
221 302 2
221 333 2
221 443 1
221 448 1
221 466 1
221 516 1
221 517 1
221 653 1
221 657 1
221 672 1
221 709 1
221 879 1
221 914 1
221 915 1
222 1 1
222 15 1
222 50 2
222 53 1
222 98 1
222 100 2
222 109 1
222 117 1
222 124 1
222 126 1
222 127 1
222 129 1
222 137 1
222 151 1
222 181 1
222 184 1
222 200 1
222 201 1
222 217 1
222 219 1
222 222 1
222 235 1
222 250 1
222 257 1
222 258 2
222 260 1
222 270 1
222 273 1
222 276 1
222 286 1
222 287 1
222 288 1
222 293 1
222 294 1
222 299 1
222 307 1
222 324 1
222 326 1
222 327 1
222 334 1
222 370 1
222 379 1
222 396 1
222 410 1
222 436 1
222 447 1
222 448 1
222 452 1
222 458 1
222 475 1
222 477 1
222 515 1
222 551 1
222 558 1
222 559 1
222 561 1
222 590 1
222 665 1
222 670 1
222 671 1
222 672 1
222 682 1
222 742 1
222 760 1
222 854 1
222 867 1
222 919 1
222 922 1
222 926 1
223 9 1
223 15 1
223 127 1
223 148 1
223 237 1
223 245 1
223 258 2
223 269 1
223 272 1
223 276 1
223 282 1
223 286 1
223 299 1
223 300 1
223 304 1
223 307 1
223 310 1
223 313 1
223 315 1
223 322 1
223 323 1
223 326 1
223 327 1
223 328 1
223 329 1
223 333 1
223 340 1
223 344 1
223 347 1
223 355 1
223 471 1
223 546 1
223 591 1
223 628 1
223 678 1
223 689 1
223 696 1
223 744 1
223 748 1
223 750 1
223 754 1
223 823 1
223 879 1
223 898 1
223 924 1
223 977 1
224 1 2
224 14 1
224 15 1
224 25 2
224 50 3
224 100 2
224 115 1
224 127 2
224 151 1
224 172 1
224 243 1
224 261 1
224 275 1
224 288 2
224 289 1
224 310 1
224 323 1
224 333 1
224 427 1
224 508 1
224 538 1
224 681 1
224 683 1
224 689 1
224 882 1
225 1 1
225 2 1
225 7 1
225 17 1
225 22 1
225 24 1
225 32 1
225 38 1
225 39 1
225 53 1
225 55 1
225 62 1
225 68 1
225 79 1
225 82 1
225 83 1
225 98 1
225 100 1
225 117 1
225 118 1
225 121 1
225 124 1
225 127 1
225 144 1
225 147 1
225 156 1
225 168 1
225 171 1
225 172 1
225 174 1
225 176 1
225 177 1
225 178 1
225 180 1
225 183 1
225 185 1
225 187 1
225 188 1
225 191 1
225 195 1
225 198 1
225 200 1
225 201 1
225 204 1
225 207 1
225 209 1
225 210 1
225 218 1
225 222 1
225 227 1
225 229 1
225 230 1
225 231 1
225 232 1
225 234 1
225 241 1
225 244 1
225 250 1
225 252 1
225 257 1
225 259 1
225 271 1
225 272 1
225 273 1
225 281 1
225 286 1
225 288 1
225 298 1
225 302 1
225 305 1
225 307 1
225 310 1
225 313 1
225 316 1
225 318 1
225 322 1
225 323 1
225 324 1
225 325 1
225 327 1
225 333 1
225 338 1
225 340 1
225 343 1
225 346 1
225 355 1
225 357 1
225 358 1
225 362 1
225 363 1
225 379 1
225 385 1
225 398 1
225 424 1
225 429 1
225 445 1
225 447 1
225 448 1
225 452 1
225 474 1
225 475 1
225 491 1
225 515 1
225 520 1
225 522 1
225 529 1
225 538 1
225 540 1
225 550 1
225 562 1
225 566 1
225 568 1
225 573 1
225 576 1
225 583 1
225 590 1
225 597 1
225 636 1
225 669 1
225 670 1
225 675 1
225 678 1
225 679 1
225 686 1
225 690 1
225 748 1
225 750 1
225 751 1
225 759 1
225 823 1
225 825 1
225 831 1
225 841 1
225 853 1
225 877 1
225 879 1
225 895 1
225 912 1
225 943 1
225 976 1
226 23 1
226 50 2
226 98 2
226 99 1
226 133 1
226 134 1
226 135 1
226 168 1
226 174 2
226 178 1
226 182 1
226 185 1
226 191 1
226 196 1
226 197 1
226 199 1
226 200 1
226 204 1
226 208 1
226 211 1
226 318 1
226 418 1
226 427 1
226 428 1
226 430 1
226 432 1
226 435 1
226 474 1
226 478 1
226 480 1
226 483 1
226 486 1
226 488 1
226 490 1
226 491 1
226 492 1
226 493 1
226 494 1
226 504 1
226 505 1
226 510 1
226 511 1
226 524 1
226 525 1
226 526 1
226 601 1
226 603 1
226 605 1
226 606 1
226 607 1
226 608 1
226 610 1
226 613 1
226 614 1
226 616 1
226 631 1
226 633 1
226 646 1
226 648 1
226 651 1
226 653 1
226 654 1
226 655 1
226 657 1
226 673 1
226 705 1
226 754 1
226 835 1
226 836 1
226 848 1
227 245 2
227 258 3
227 263 1
227 286 3
227 292 1
227 300 2
227 302 2
227 303 2
227 304 2
227 319 2
227 332 2
227 341 1
227 359 1
227 680 1
227 681 1
227 682 1
227 688 1
227 874 1
228 243 1
228 259 1
228 268 1
228 271 1
228 272 1
228 286 2
228 289 1
228 294 1
228 300 1
228 301 1
228 305 1
228 307 1
228 312 1
228 313 1
228 322 1
228 323 1
228 326 1
228 329 1
228 332 1
228 334 1
228 338 1
228 344 1
228 350 1
228 538 1
228 690 1
228 750 1
228 875 1
228 877 1
228 879 1
228 886 1
228 896 1
228 908 1
228 988 1
229 1 1
229 2 1
229 3 1
229 4 1
229 7 1
229 8 1
229 12 1
229 15 1
229 21 1
229 22 1
229 23 1
229 24 1
229 26 1
229 28 1
229 31 1
229 32 1
229 45 1
229 47 1
229 48 1
229 50 1
229 52 1
229 53 1
229 55 1
229 56 1
229 58 1
229 62 1
229 63 1
229 64 1
229 66 1
229 68 1
229 69 1
229 70 1
229 72 1
229 73 1
229 77 1
229 79 1
229 81 1
229 82 1
229 83 1
229 85 1
229 86 1
229 87 1
229 88 1
229 89 1
229 90 1
229 91 1
229 92 1
229 93 1
229 95 1
229 96 1
229 97 1
229 101 1
229 109 1
229 114 1
229 117 1
229 118 1
229 123 1
229 124 1
229 127 1
229 128 1
229 132 1
229 133 1
229 134 1
229 137 1
229 140 1
229 141 1
229 143 1
229 144 1
229 150 1
229 151 1
229 153 1
229 154 1
229 157 1
229 159 1
229 161 1
229 162 1
229 163 1
229 164 1
229 165 1
229 166 1
229 168 1
229 170 1
229 172 1
229 174 1
229 178 1
229 179 1
229 181 1
229 183 1
229 184 1
229 185 1
229 186 1
229 188 1
229 190 1
229 191 1
229 193 1
229 195 1
229 197 1
229 201 1
229 202 1
229 203 1
229 207 1
229 208 1
229 209 1
229 210 1
229 211 1
229 214 1
229 216 1
229 218 1
229 219 1
229 223 1
229 225 1
229 229 1
229 232 1
229 233 1
229 237 1
229 238 1
229 248 1
229 249 1
229 250 1
229 258 1
229 264 1
229 265 1
229 273 1
229 274 1
229 275 1
229 276 1
229 277 1
229 280 1
229 281 1
229 282 1
229 283 1
229 288 1
229 290 1
229 291 1
229 298 1
229 301 1
229 318 1
229 319 1
229 321 1
229 340 1
229 356 1
229 365 1
229 366 1
229 367 1
229 371 1
229 378 1
229 385 1
229 387 1
229 392 1
229 393 1
229 403 1
229 404 1
229 405 1
229 410 1
229 411 1
229 415 1
229 418 1
229 419 1
229 423 1
229 427 1
229 428 1
229 431 1
229 432 1
229 433 1
229 435 1
229 436 1
229 441 1
229 448 1
229 455 1
229 457 1
229 464 1
229 466 1
229 467 1
229 468 1
229 470 1
229 473 1
229 475 1
229 480 1
229 481 1
229 482 1
229 483 1
229 484 1
229 485 1
229 491 1
229 493 1
229 495 1
229 496 1
229 499 1
229 500 1
229 502 1
229 504 1
229 505 1
229 508 1
229 511 1
229 514 1
229 520 1
229 527 1
229 531 1
229 535 1
229 537 1
229 546 1
229 549 1
229 550 1
229 566 1
229 568 1
229 569 1
229 570 1
229 578 1
229 581 1
229 584 1
229 591 1
229 602 1
229 603 1
229 611 1
229 625 1
229 627 1
229 628 1
229 629 1
229 631 1
229 633 1
229 635 1
229 636 1
229 640 1
229 642 1
229 652 1
229 654 1
229 655 1
229 658 1
229 662 1
229 665 1
229 671 1
229 672 1
229 673 1
229 679 1
229 684 1
229 692 1
229 693 1
229 700 1
229 702 1
229 705 1
229 708 1
229 709 1
229 710 1
229 726 1
229 729 1
229 732 1
229 735 1
229 742 1
229 744 1
229 747 1
229 755 1
229 756 1
229 761 1
229 762 1
229 763 1
229 768 1
229 780 1
229 794 1
229 804 1
229 805 1
229 806 1
229 820 1
229 826 1
229 833 1
229 845 1
229 847 1
229 921 1
229 928 1
229 941 1
229 944 1
229 961 1
229 967 1
229 972 1
230 9 1
230 10 1
230 12 1
230 19 1
230 42 1
230 50 2
230 56 1
230 98 1
230 100 2
230 101 1
230 117 1
230 129 1
230 137 1
230 152 1
230 164 1
230 165 1
230 181 2
230 221 1
230 222 1
230 234 1
230 237 1
230 248 1
230 253 1
230 258 2
230 264 1
230 273 1
230 276 1
230 286 1
230 288 1
230 293 1
230 294 1
230 300 1
230 302 1
230 318 1
230 328 1
230 436 1
230 514 1
230 515 1
230 527 1
230 528 1
230 547 1
230 628 1
230 674 1
231 286 1
231 307 1
231 322 1
231 323 1
231 327 1
231 358 1
231 538 1
231 690 1
231 748 1
231 879 1
231 988 1
232 1 1
232 7 1
232 24 1
232 50 2
232 93 1
232 100 2
232 108 1
232 109 1
232 111 1
232 117 1
232 118 1
232 121 1
232 123 1
232 151 1
232 181 1
232 222 1
232 246 1
232 248 1
232 249 1
232 250 1
232 257 1
232 258 2
232 274 1
232 276 1
232 284 1
232 294 1
232 295 1
232 300 1
232 315 1
232 322 1
232 405 1
232 410 1
232 411 1
232 471 1
232 508 1
232 546 1
232 620 1
232 628 1
232 678 1
232 742 1
232 763 1
232 815 1
232 844 1
232 845 1
233 59 1
233 60 1
233 95 1
233 173 1
233 174 1
233 194 1
233 246 1
233 268 1
233 269 1
233 273 1
233 276 1
233 293 1
233 302 1
233 303 1
233 322 1
233 323 1
233 326 1
233 333 1
233 340 1
233 435 1
233 474 1
233 507 1
233 657 1
233 682 1
233 690 1
233 748 1
233 754 1
233 919 1
234 9 1
234 111 1
234 121 1
234 125 1
234 147 1
234 148 1
234 151 1
234 225 1
234 274 1
234 275 1
234 283 1
234 287 1
234 288 1
234 347 1
234 369 1
234 406 1
234 471 1
234 476 1
234 546 1
234 628 1
234 756 1
234 763 1
234 815 1
234 819 1
234 833 1
234 844 1
234 928 1
234 975 1
235 1 1
235 3 1
235 4 1
235 5 1
235 7 1
235 9 1
235 11 1
235 12 1
235 15 1
235 21 1
235 22 1
235 23 1
235 24 1
235 25 1
235 27 1
235 28 1
235 31 1
235 38 1
235 40 1
235 42 1
235 45 1
235 49 1
235 50 2
235 52 1
235 54 1
235 62 1
235 63 1
235 64 1
235 67 1
235 68 1
235 69 1
235 71 1
235 72 1
235 73 1
235 80 1
235 82 1
235 83 1
235 85 1
235 86 1
235 89 1
235 95 1
235 96 1
235 100 2
235 105 1
235 108 1
235 109 1
235 111 1
235 115 1
235 117 1
235 118 1
235 121 1
235 122 1
235 123 1
235 125 1
235 128 1
235 132 1
235 135 1
235 136 1
235 141 1
235 148 1
235 151 1
235 152 1
235 153 1
235 154 1
235 156 1
235 157 1
235 159 1
235 160 1
235 161 1
235 162 1
235 163 1
235 164 1
235 167 1
235 168 1
235 171 1
235 172 1
235 173 1
235 174 1
235 175 1
235 176 1
235 182 1
235 183 1
235 184 1
235 185 1
235 186 1
235 187 1
235 188 1
235 190 1
235 191 1
235 195 1
235 196 1
235 199 1
235 200 1
235 204 1
235 206 1
235 211 1
235 214 1
235 215 1
235 216 1
235 217 1
235 218 1
235 219 1
235 222 1
235 225 1
235 226 1
235 227 1
235 228 1
235 229 1
235 230 1
235 234 1
235 239 1
235 240 1
235 245 1
235 246 1
235 250 1
235 252 1
235 254 1
235 255 1
235 257 1
235 258 2
235 260 1
235 264 1
235 273 1
235 284 1
235 290 1
235 291 1
235 294 1
235 299 1
235 300 1
235 307 1
235 313 1
235 317 1
235 318 1
235 321 1
235 327 1
235 331 1
235 338 1
235 343 1
235 351 1
235 354 1
235 357 1
235 358 1
235 367 1
235 369 1
235 376 1
235 380 1
235 381 1
235 382 1
235 384 1
235 385 1
235 386 1
235 392 1
235 393 1
235 394 1
235 399 1
235 402 1
235 403 1
235 404 1
235 410 1
235 411 1
235 413 1
235 423 1
235 424 1
235 431 1
235 433 1
235 434 1
235 435 1
235 436 1
235 443 1
235 447 1
235 448 1
235 451 1
235 455 1
235 462 1
235 465 1
235 470 1
235 473 1
235 474 1
235 476 1
235 520 1
235 541 1
235 542 1
235 546 1
235 550 1
235 554 1
235 561 1
235 566 1
235 567 1
235 568 1
235 569 1
235 571 1
235 572 1
235 573 1
235 576 1
235 577 1
235 578 1
235 584 1
235 587 1
235 588 1
235 597 1
235 616 1
235 625 1
235 628 1
235 631 1
235 637 1
235 640 1
235 649 1
235 652 1
235 655 1
235 659 1
235 665 1
235 672 1
235 673 1
235 675 1
235 679 1
235 684 1
235 693 1
235 696 1
235 697 1
235 710 1
235 713 1
235 715 1
235 717 1
235 720 1
235 729 1
235 732 1
235 743 1
235 746 1
235 748 1
235 751 1
235 752 1
235 756 1
235 760 1
235 762 1
235 780 1
235 781 1
235 786 1
235 790 1
235 792 1
235 797 1
235 800 1
235 820 1
235 821 1
235 825 1
235 826 1
235 831 1
235 834 1
235 841 1
235 845 1
235 862 1
235 885 1
235 890 1
235 895 1
235 924 1
235 926 1
235 928 1
235 929 1
235 943 1
235 944 1
235 961 1
235 977 1
235 983 1
236 21 1
236 23 1
236 26 1
236 38 1
236 39 1
236 43 1
236 47 1
236 65 1
236 66 1
236 72 1
236 73 1
236 83 1
236 90 1
236 92 1
236 95 1
236 96 1
236 98 2
236 102 1
236 111 1
236 125 1
236 132 1
236 133 1
236 157 1
236 159 1
236 161 1
236 168 1
236 172 1
236 174 2
236 179 1
236 186 1
236 200 1
236 204 1
236 215 1
236 216 1
236 217 1
236 218 1
236 219 1
236 226 1
236 238 1
236 265 1
236 276 1
236 287 1
236 288 2
236 313 2
236 325 1
236 327 1
236 340 1
236 347 1
236 367 1
236 381 1
236 392 1
236 400 1
236 411 1
236 433 1
236 447 1
236 454 1
236 503 1
236 504 1
236 506 1
236 537 1
236 546 1
236 553 1
236 559 1
236 568 1
236 581 1
236 585 1
236 595 1
236 628 1
236 642 1
236 649 1
236 655 1
236 658 1
236 660 1
236 708 1
236 710 1
236 715 1
236 721 1
236 723 1
236 739 1
236 742 1
236 746 1
236 748 1
236 761 1
236 762 1
236 785 1
236 787 1
236 790 1
236 794 1
236 821 1
236 845 1
236 895 1
236 974 1
237 5 1
237 11 1
237 12 1
237 14 1
237 28 1
237 30 1
237 42 1
237 47 1
237 50 2
237 56 1
237 58 1
237 65 1
237 69 1
237 70 1
237 77 1
237 79 1
237 82 1
237 83 1
237 86 1
237 87 1
237 88 1
237 89 1
237 90 1
237 91 1
237 95 1
237 97 1
237 98 1
237 99 1
237 111 1
237 116 1
237 118 1
237 124 1
237 131 1
237 132 1
237 133 1
237 134 1
237 137 1
237 143 1
237 144 1
237 145 1
237 151 1
237 154 1
237 155 1
237 161 1
237 162 1
237 166 1
237 168 1
237 170 1
237 173 1
237 174 1
237 176 1
237 179 1
237 180 1
237 181 1
237 183 1
237 185 1
237 186 1
237 190 1
237 191 1
237 195 1
237 197 1
237 204 1
237 207 1
237 208 1
237 211 1
237 212 1
237 213 1
237 214 1
237 216 1
237 217 1
237 218 1
237 219 1
237 229 1
237 234 1
237 237 1
237 238 1
237 239 1
237 244 1
237 253 1
237 254 1
237 265 1
237 275 1
237 276 1
237 281 1
237 283 1
237 286 1
237 287 1
237 288 1
237 292 1
237 301 1
237 318 1
237 378 1
237 381 1
237 393 1
237 402 1
237 404 1
237 412 1
237 415 1
237 418 1
237 419 1
237 421 1
237 423 1
237 428 1
237 432 1
237 433 1
237 435 1
237 436 1
237 447 1
237 450 1
237 451 1
237 463 1
237 466 1
237 473 1
237 478 1
237 480 1
237 482 1
237 483 1
237 484 1
237 485 1
237 496 1
237 497 1
237 499 1
237 501 1
237 507 1
237 512 1
237 514 1
237 517 1
237 518 1
237 521 1
237 523 1
237 559 1
237 566 1
237 581 1
237 582 1
237 583 1
237 584 1
237 588 1
237 603 1
237 607 1
237 614 1
237 629 1
237 640 1
237 642 1
237 651 1
237 652 1
237 654 1
237 655 1
237 657 1
237 660 1
237 663 1
237 665 1
237 672 1
237 674 1
237 683 1
237 684 1
237 692 1
237 696 1
237 697 1
237 698 1
237 699 1
237 702 1
237 705 1
237 707 1
237 708 1
237 709 1
237 710 1
237 727 1
237 730 1
237 732 1
237 736 1
237 737 1
237 739 1
237 746 1
237 747 1
237 748 1
237 753 1
237 755 1
237 770 1
237 778 1
237 781 1
237 794 1
237 812 1
237 842 1
237 843 1
237 946 1
237 955 1
237 969 1
238 15 1
238 21 1
238 100 2
238 118 1
238 121 2
238 181 2
238 220 1
238 237 2
238 245 1
238 255 1
238 269 2
238 280 1
238 286 2
238 321 1
238 471 1
238 476 1
238 815 1
238 866 1
239 7 1
239 13 1
239 14 1
239 100 2
239 121 1
239 147 1
239 237 1
239 240 1
239 242 1
239 246 1
239 257 1
239 273 1
239 276 1
239 282 1
239 285 1
239 288 1
239 301 1
239 405 1
239 475 1
239 591 1
239 895 1
240 70 1
240 171 1
240 198 1
240 242 1
240 243 1
240 271 1
240 272 1
240 283 1
240 300 1
240 310 1
240 312 1
240 313 1
240 328 1
240 329 1
240 340 1
240 350 1
240 512 1
240 515 1
240 582 1
240 690 1
240 736 1
240 749 1
240 750 1
240 751 1
240 886 1
240 904 1
240 921 1
240 937 1
241 1 2
241 7 2
241 9 1
241 15 1
241 25 1
241 121 2
241 259 1
241 288 2
241 294 1
241 683 1
242 7 1
242 11 1
242 12 1
242 14 1
242 17 1
242 22 1
242 26 1
242 27 1
242 29 1
242 31 1
242 33 1
242 38 1
242 39 1
242 41 1
242 42 1
242 44 1
242 53 1
242 54 1
242 55 1
242 56 1
242 62 1
242 64 1
242 67 1
242 68 1
242 79 1
242 82 1
242 98 1
242 100 1
242 117 1
242 129 1
242 144 1
242 150 1
242 154 1
242 156 1
242 159 1
242 161 1
242 168 1
242 174 1
242 176 1
242 177 1
242 182 1
242 184 1
242 186 1
242 195 1
242 203 1
242 204 1
242 209 1
242 210 1
242 219 1
242 226 1
242 228 1
242 229 1
242 230 1
242 231 1
242 234 1
242 240 1
242 273 1
242 276 1
242 281 1
242 286 1
242 288 1
242 294 1
242 318 1
242 342 1
242 350 1
242 367 1
242 385 1
242 401 1
242 403 1
242 410 1
242 436 1
242 449 1
242 452 1
242 482 1
242 508 1
242 546 1
242 554 1
242 559 1
242 569 1
242 572 1
242 576 1
242 578 1
242 591 1
242 628 1
242 635 1
242 636 1
242 672 1
242 684 1
242 685 1
242 695 1
242 710 1
242 746 1
242 769 1
242 780 1
242 800 1
242 810 1
242 834 1
242 873 1
242 943 1
242 975 1
243 12 2
243 271 1
243 309 1
243 313 2
243 340 1
243 343 1
243 358 1
243 644 1
243 678 1
243 687 1
244 9 1
244 50 2
244 100 2
244 245 1
244 251 1
244 258 2
244 275 1
244 748 1
244 751 1
244 906 1
244 912 1
244 916 1
245 7 1
245 9 1
245 23 1
245 28 1
245 50 1
245 55 1
245 64 1
245 79 1
245 87 1
245 100 1
245 117 1
245 118 1
245 121 1
245 123 1
245 127 1
245 144 1
245 147 1
245 150 1
245 174 1
245 181 1
245 195 1
245 203 1
245 204 1
245 208 1
245 209 1
245 221 1
245 235 1
245 237 1
245 245 1
245 246 1
245 248 1
245 273 1
245 276 1
245 291 1
245 293 1
245 295 1
245 310 1
245 313 1
245 324 1
245 325 1
245 330 1
245 333 1
245 340 1
245 346 1
245 405 1
245 408 1
245 410 1
245 460 1
245 475 1
245 479 1
245 480 1
245 504 1
245 544 1
245 591 1
245 595 1
245 597 1
245 603 1
245 628 1
245 644 1
245 689 1
245 742 1
245 744 1
245 748 1
245 762 1
245 763 1
245 818 1
245 823 1
245 829 1
245 831 1
245 840 1
245 844 1
245 845 1
245 881 1
245 886 1
245 895 1
245 908 1
245 919 1
245 959 1
245 979 1
246 268 1
246 269 1
246 270 1
246 288 1
246 292 1
246 294 1
246 301 1
246 302 1
246 303 1
246 326 1
246 327 1
246 328 1
246 332 1
246 334 1
246 359 1
246 688 1
246 690 1
246 754 1
246 883 1
246 887 1
246 888 1
247 1 2
247 5 1
247 7 2
247 9 2
247 11 1
247 17 1
247 27 1
247 28 1
247 31 1
247 55 1
247 56 2
247 65 1
247 68 1
247 69 2
247 70 1
247 89 2
247 91 1
247 96 2
247 98 2
247 100 3
247 111 2
247 117 2
247 123 1
247 135 2
247 144 1
247 147 1
247 148 1
247 150 1
247 151 2
247 153 2
247 156 1
247 157 1
247 158 1
247 174 2
247 176 2
247 180 1
247 183 2
247 204 2
247 206 1
247 209 1
247 218 1
247 222 2
247 227 1
247 231 1
247 233 1
247 234 1
247 248 1
247 252 1
247 260 1
247 281 1
247 284 1
247 286 2
247 288 2
247 290 1
247 293 1
247 298 1
247 300 2
247 367 1
247 405 2
247 410 1
247 435 1
247 447 1
247 469 1
247 470 1
247 483 2
247 484 1
247 498 1
247 544 1
247 546 1
247 559 1
247 582 1
247 591 1
247 597 1
247 629 1
247 642 1
247 678 1
247 742 1
247 748 1
247 760 1
247 815 1
247 823 1
247 845 1
247 866 1
247 926 1
247 963 1
247 981 1
248 262 1
248 268 1
248 269 1
248 271 1
248 286 1
248 292 1
248 301 1
248 303 1
248 305 1
248 307 1
248 319 1
248 321 1
248 327 1
248 333 1
248 338 1
248 340 1
248 344 1
248 750 1
248 884 1
248 896 1
248 900 1
248 902 1
249 9 1
249 15 1
249 59 1
249 60 1
249 61 1
249 100 2
249 117 1
249 118 1
249 122 1
249 127 1
249 137 1
249 170 1
249 171 1
249 179 1
249 212 1
249 224 1
249 248 1
249 251 1
249 269 1
249 273 1
249 276 1
249 285 1
249 286 1
249 288 1
249 291 1
249 293 1
249 310 1
249 337 1
249 381 1
249 410 1
249 459 1
249 473 1
249 546 1
249 558 1
249 742 1
249 748 1
249 753 1
249 763 1
249 936 1
249 983 1
250 1 2
250 2 1
250 3 1
250 4 1
250 7 2
250 10 1
250 12 2
250 13 1
250 15 2
250 26 1
250 28 1
250 29 1
250 35 1
250 38 1
250 39 1
250 49 1
250 51 1
250 54 1
250 56 2
250 58 1
250 60 1
250 64 2
250 65 1
250 66 1
250 67 1
250 70 1
250 71 1
250 73 1
250 77 1
250 79 2
250 80 1
250 81 1
250 82 1
250 83 1
250 86 1
250 87 1
250 88 1
250 89 2
250 90 1
250 92 1
250 94 1
250 95 1
250 97 1
250 98 2
250 99 1
250 100 3
250 101 1
250 110 1
250 112 1
250 114 1
250 117 2
250 121 2
250 123 1
250 125 1
250 126 1
250 127 2
250 131 1
250 132 1
250 133 1
250 134 1
250 135 2
250 136 1
250 139 1
250 141 1
250 142 1
250 143 1
250 144 1
250 145 1
250 152 1
250 153 1
250 154 1
250 155 1
250 157 1
250 158 1
250 161 1
250 162 1
250 163 1
250 164 1
250 166 1
250 167 1
250 168 2
250 169 1
250 173 2
250 174 2
250 176 2
250 177 1
250 179 1
250 180 1
250 182 1
250 183 2
250 185 1
250 187 1
250 191 2
250 192 1
250 193 1
250 194 1
250 195 2
250 196 1
250 197 1
250 199 1
250 200 1
250 202 1
250 203 1
250 204 2
250 205 1
250 207 1
250 208 1
250 210 2
250 211 1
250 215 1
250 216 2
250 218 1
250 222 2
250 223 1
250 225 1
250 226 1
250 227 1
250 229 1
250 231 1
250 233 1
250 237 2
250 238 1
250 239 1
250 241 1
250 245 1
250 252 1
250 254 1
250 258 3
250 264 1
250 265 1
250 269 2
250 270 1
250 272 1
250 274 1
250 275 1
250 277 1
250 278 1
250 280 1
250 281 1
250 282 1
250 283 1
250 288 2
250 290 1
250 292 1
250 294 2
250 299 1
250 300 2
250 301 1
250 302 2
250 304 1
250 305 1
250 310 1
250 311 1
250 312 1
250 313 2
250 315 1
250 316 1
250 328 2
250 332 1
250 340 1
250 354 1
250 357 2
250 367 1
250 371 1
250 373 1
250 378 1
250 380 1
250 381 1
250 382 1
250 383 1
250 384 1
250 385 1
250 387 1
250 393 1
250 395 1
250 396 1
250 400 1
250 401 1
250 402 1
250 414 1
250 416 1
250 417 1
250 418 1
250 419 1
250 421 1
250 422 1
250 428 1
250 431 1
250 432 1
250 433 1
250 434 1
250 435 1
250 443 1
250 448 1
250 451 1
250 455 1
250 462 1
250 465 1
250 467 1
250 469 1
250 470 1
250 471 1
250 472 1
250 474 1
250 476 1
250 477 1
250 478 1
250 479 1
250 480 1
250 481 1
250 482 1
250 483 1
250 484 1
250 487 1
250 488 1
250 490 1
250 491 1
250 493 1
250 494 1
250 495 1
250 496 1
250 497 1
250 499 1
250 500 1
250 502 1
250 503 1
250 505 1
250 506 1
250 507 1
250 509 1
250 510 1
250 511 1
250 514 1
250 518 1
250 520 1
250 523 1
250 525 1
250 526 1
250 527 1
250 528 1
250 530 1
250 535 1
250 549 1
250 550 1
250 553 1
250 557 1
250 558 1
250 559 1
250 561 1
250 566 1
250 568 1
250 570 1
250 582 1
250 583 1
250 589 1
250 591 1
250 602 1
250 604 1
250 606 1
250 607 1
250 608 1
250 609 1
250 610 1
250 611 1
250 612 1
250 613 1
250 614 1
250 618 1
250 620 1
250 622 1
250 629 1
250 630 1
250 631 1
250 632 1
250 633 1
250 637 1
250 642 1
250 647 1
250 648 1
250 650 1
250 651 1
250 655 1
250 657 1
250 659 1
250 660 1
250 661 1
250 663 1
250 673 1
250 679 1
250 685 1
250 686 1
250 689 1
250 692 1
250 693 1
250 700 1
250 704 1
250 705 1
250 707 1
250 708 1
250 709 1
250 710 1
250 712 1
250 714 1
250 715 1
250 716 1
250 717 1
250 723 1
250 727 1
250 728 1
250 729 1
250 731 1
250 735 1
250 736 1
250 742 1
250 747 1
250 748 1
250 751 1
250 761 1
250 762 1
250 765 1
250 771 1
250 774 1
250 775 1
250 778 1
250 783 1
250 785 1
250 790 1
250 792 1
250 794 1
250 801 1
250 807 1
250 815 1
250 821 1
250 823 1
250 832 1
250 837 1
250 842 1
250 845 1
250 846 1
250 847 1
250 865 1
250 869 1
250 873 1
250 878 1
250 900 1
250 902 1
250 904 1
250 905 1
250 908 1
250 921 1
250 923 1
250 926 1
250 928 1
250 934 1
250 936 1
250 939 1
250 940 1
250 942 1
250 951 1
250 956 1
250 965 1
250 966 1
250 967 1
250 969 1
251 242 1
251 243 1
251 259 1
251 260 1
251 262 1
251 268 1
251 269 1
251 270 1
251 286 1
251 288 1
251 289 1
251 292 1
251 294 1
251 299 1
251 300 1
251 301 1
251 303 1
251 305 1
251 307 1
251 308 1
251 319 1
251 322 1
251 323 1
251 325 1
251 327 1
251 328 1
251 329 1
251 330 1
251 331 1
251 332 1
251 333 1
251 336 1
251 337 1
251 359 1
251 360 1
251 457 1
251 680 1
251 681 1
251 682 1
251 687 1
251 749 1
251 872 1
251 874 1
251 875 1
251 877 1
251 879 1
251 880 1
251 881 1
251 882 1
251 883 1
251 884 1
251 937 1
251 938 1
251 984 1
251 989 1
251 991 1
251 995 1
252 7 1
252 8 1
252 14 1
252 22 1
252 25 1
252 27 1
252 45 1
252 48 1
252 52 1
252 58 1
252 60 1
252 61 1
252 62 1
252 64 1
252 66 1
252 69 1
252 70 1
252 73 1
252 86 1
252 88 1
252 89 1
252 96 1
252 97 1
252 99 1
252 111 1
252 121 1
252 124 1
252 127 1
252 132 1
252 134 1
252 135 1
252 136 1
252 143 1
252 152 1
252 154 1
252 156 1
252 161 1
252 162 1
252 163 1
252 168 1
252 170 1
252 171 1
252 173 1
252 174 1
252 180 1
252 181 2
252 183 1
252 185 1
252 186 1
252 187 1
252 188 1
252 191 1
252 194 1
252 195 1
252 197 1
252 201 1
252 202 1
252 203 1
252 204 1
252 207 1
252 212 1
252 216 1
252 234 1
252 237 1
252 243 1
252 245 1
252 259 1
252 269 1
252 276 1
252 286 2
252 294 1
252 318 1
252 371 1
252 384 1
252 404 1
252 418 1
252 419 1
252 420 1
252 423 1
252 427 1
252 430 1
252 432 1
252 435 1
252 443 1
252 455 1
252 458 1
252 461 1
252 462 1
252 465 1
252 467 1
252 472 1
252 479 1
252 482 1
252 483 1
252 485 1
252 488 1
252 491 1
252 492 1
252 494 1
252 495 1
252 496 1
252 498 1
252 502 1
252 506 1
252 510 1
252 513 1
252 517 1
252 518 1
252 521 1
252 523 1
252 526 1
252 530 1
252 531 1
252 554 1
252 576 1
252 588 1
252 597 1
252 603 1
252 609 1
252 614 1
252 615 1
252 624 1
252 631 1
252 636 1
252 641 1
252 648 1
252 654 1
252 659 1
252 660 1
252 684 1
252 729 1
252 736 1
252 780 1
252 781 1
252 792 1
252 805 1
252 815 1
252 863 1
252 874 1
252 924 1
252 947 1
252 969 1
252 971 1
253 3 1
253 4 1
253 7 1
253 9 1
253 11 1
253 12 1
253 17 1
253 22 1
253 24 1
253 33 1
253 42 1
253 48 1
253 49 1
253 50 2
253 53 1
253 59 1
253 68 1
253 69 1
253 73 1
253 79 1
253 80 1
253 93 1
253 94 1
253 97 1
253 98 1
253 100 2
253 117 1
253 122 1
253 125 1
253 132 1
253 143 1
253 154 1
253 156 1
253 157 1
253 158 1
253 164 1
253 168 1
253 172 1
253 174 1
253 181 1
253 186 1
253 188 1
253 196 1
253 204 1
253 210 1
253 231 1
253 233 1
253 238 1
253 239 1
253 246 1
253 248 1
253 254 1
253 258 2
253 268 1
253 276 1
253 288 1
253 298 1
253 318 1
253 354 1
253 356 1
253 357 1
253 364 1
253 367 1
253 369 1
253 384 1
253 385 1
253 393 1
253 401 1
253 402 1
253 410 1
253 412 1
253 416 1
253 421 1
253 423 1
253 424 1
253 427 1
253 456 1
253 471 1
253 475 1
253 476 1
253 496 1
253 508 1
253 509 1
253 515 1
253 550 1
253 552 1
253 566 1
253 568 1
253 578 1
253 586 1
253 591 1
253 628 1
253 651 1
253 655 1
253 684 1
253 693 1
253 697 1
253 717 1
253 721 1
253 742 1
253 871 1
253 959 1
253 963 1
253 975 1
254 1 1
254 11 1
254 12 1
254 15 1
254 22 1
254 28 1
254 50 1
254 51 1
254 55 1
254 56 1
254 58 1
254 66 1
254 69 1
254 70 1
254 73 1
254 76 1
254 77 1
254 79 1
254 82 1
254 87 1
254 88 1
254 89 1
254 96 1
254 97 1
254 98 1
254 99 1
254 100 1
254 107 1
254 114 1
254 117 1
254 118 1
254 121 1
254 124 1
254 131 1
254 133 1
254 134 1
254 136 1
254 143 1
254 144 1
254 153 1
254 161 1
254 162 1
254 164 1
254 169 1
254 172 1
254 173 1
254 174 1
254 181 1
254 182 1
254 185 1
254 191 1
254 195 1
254 196 1
254 197 1
254 199 1
254 202 1
254 203 1
254 204 1
254 210 1
254 211 1
254 215 1
254 222 1
254 228 1
254 234 1
254 237 1
254 245 1
254 248 1
254 250 1
254 255 1
254 257 1
254 258 1
254 259 1
254 260 1
254 270 1
254 272 1
254 277 1
254 279 1
254 286 1
254 289 1
254 293 1
254 300 1
254 310 1
254 315 1
254 316 1
254 317 1
254 318 1
254 322 1
254 323 1
254 326 1
254 356 1
254 357 1
254 378 1
254 385 1
254 392 1
254 414 1
254 418 1
254 419 1
254 423 1
254 427 1
254 431 1
254 434 1
254 435 1
254 451 1
254 465 1
254 468 1
254 474 1
254 478 1
254 479 1
254 482 1
254 483 1
254 484 1
254 485 1
254 487 1
254 490 1
254 492 1
254 493 1
254 496 1
254 497 1
254 507 1
254 509 1
254 519 1
254 520 1
254 526 1
254 528 1
254 531 1
254 566 1
254 568 1
254 603 1
254 605 1
254 607 1
254 610 1
254 612 1
254 614 1
254 627 1
254 631 1
254 633 1
254 642 1
254 649 1
254 651 1
254 654 1
254 655 1
254 657 1
254 659 1
254 660 1
254 661 1
254 678 1
254 685 1
254 686 1
254 692 1
254 693 1
254 694 1
254 705 1
254 707 1
254 724 1
254 735 1
254 736 1
254 740 1
254 742 1
254 746 1
254 836 1
254 837 1
254 842 1
254 873 1
254 875 1
254 879 1
254 939 1
254 945 1
254 956 1
254 968 1
255 1 1
255 2 1
255 4 1
255 7 1
255 8 1
255 9 1
255 12 1
255 14 1
255 17 1
255 20 1
255 24 1
255 25 1
255 31 1
255 39 1
255 40 1
255 42 1
255 44 1
255 47 1
255 53 1
255 56 2
255 57 1
255 58 1
255 64 1
255 69 1
255 70 1
255 71 1
255 87 1
255 95 1
255 96 1
255 97 1
255 98 1
255 100 2
255 118 1
255 123 1
255 125 1
255 126 1
255 127 1
255 135 1
255 148 1
255 161 1
255 170 1
255 174 1
255 176 1
255 191 1
255 196 1
255 197 1
255 204 1
255 214 1
255 217 1
255 222 1
255 223 1
255 228 1
255 234 1
255 237 1
255 241 1
255 245 1
255 252 1
255 255 1
255 257 1
255 265 1
255 270 1
255 275 1
255 276 1
255 277 1
255 279 1
255 281 1
255 282 1
255 288 1
255 289 1
255 291 1
255 292 1
255 293 1
255 300 1
255 301 1
255 304 1
255 307 1
255 313 1
255 317 1
255 318 1
255 321 1
255 323 1
255 334 1
255 343 1
255 380 1
255 382 1
255 393 1
255 402 1
255 405 1
255 423 1
255 428 1
255 447 1
255 455 1
255 462 1
255 465 1
255 471 1
255 475 1
255 504 1
255 508 1
255 511 1
255 515 1
255 518 1
255 529 1
255 531 1
255 582 1
255 584 1
255 591 1
255 597 1
255 627 1
255 628 1
255 629 1
255 647 1
255 660 1
255 678 1
255 692 1
255 694 1
255 709 1
255 724 1
255 727 1
255 738 1
255 747 1
255 755 1
255 778 1
255 898 1
255 934 1
255 939 1
256 1 1
256 3 1
256 4 1
256 9 1
256 12 1
256 13 1
256 22 1
256 23 1
256 32 1
256 42 1
256 46 1
256 50 2
256 53 1
256 54 1
256 57 1
256 60 1
256 61 1
256 68 1
256 69 1
256 71 1
256 79 1
256 80 1
256 86 1
256 91 1
256 92 1
256 95 1
256 97 1
256 100 2
256 101 1
256 111 1
256 121 1
256 125 1
256 127 1
256 133 1
256 135 1
256 143 1
256 161 1
256 168 1
256 170 1
256 172 1
256 174 1
256 175 1
256 177 1
256 179 1
256 181 2
256 182 1
256 185 1
256 186 1
256 187 1
256 188 1
256 194 1
256 196 1
256 197 1
256 200 1
256 202 1
256 210 1
256 211 1
256 218 1
256 222 1
256 226 1
256 228 1
256 231 1
256 232 1
256 234 1
256 238 1
256 268 1
256 273 1
256 274 1
256 282 1
256 286 2
256 294 1
256 325 1
256 346 1
256 357 1
256 366 1
256 369 1
256 380 1
256 403 1
256 410 1
256 414 1
256 419 1
256 421 1
256 423 1
256 427 1
256 431 1
256 432 1
256 433 1
256 443 1
256 448 1
256 449 1
256 452 1
256 460 1
256 461 1
256 462 1
256 474 1
256 475 1
256 479 1
256 484 1
256 490 1
256 498 1
256 505 1
256 506 1
256 508 1
256 523 1
256 546 1
256 559 1
256 568 1
256 578 1
256 581 1
256 582 1
256 603 1
256 608 1
256 616 1
256 640 1
256 655 1
256 658 1
256 660 1
256 662 1
256 672 1
256 673 1
256 693 1
256 696 1
256 708 1
256 710 1
256 715 1
256 720 1
256 721 1
256 737 1
256 743 1
256 763 1
256 789 1
256 806 1
256 818 1
256 845 1
256 864 1
256 919 1
256 922 1
256 933 1
256 943 1
256 955 1
256 959 1
256 963 1
256 979 1
256 985 1
257 4 1
257 7 2
257 8 1
257 9 2
257 11 2
257 12 2
257 14 1
257 15 2
257 20 1
257 27 1
257 31 1
257 38 1
257 44 1
257 45 1
257 48 1
257 50 3
257 51 1
257 52 1
257 53 1
257 54 1
257 56 2
257 57 1
257 58 1
257 59 1
257 62 1
257 64 2
257 65 1
257 66 1
257 70 2
257 77 1
257 79 2
257 82 2
257 83 1
257 86 1
257 89 2
257 91 1
257 94 1
257 96 2
257 97 2
257 100 3
257 105 1
257 114 1
257 117 2
257 118 2
257 122 1
257 127 2
257 132 2
257 134 1
257 137 1
257 143 2
257 144 2
257 148 1
257 151 2
257 155 1
257 156 1
257 157 1
257 161 2
257 162 1
257 164 1
257 168 2
257 172 2
257 173 2
257 174 2
257 176 2
257 180 1
257 181 3
257 182 2
257 183 2
257 185 2
257 186 1
257 190 1
257 191 2
257 192 1
257 193 1
257 194 2
257 195 2
257 196 2
257 197 2
257 200 1
257 203 1
257 204 2
257 209 2
257 214 1
257 215 1
257 216 2
257 218 1
257 219 1
257 226 1
257 229 1
257 230 1
257 231 1
257 232 1
257 234 2
257 235 1
257 237 2
257 239 1
257 240 1
257 241 1
257 243 1
257 248 1
257 257 2
257 258 3
257 265 2
257 282 1
257 285 1
257 288 2
257 304 1
257 318 2
257 357 2
257 366 1
257 370 1
257 372 1
257 373 1
257 378 1
257 380 1
257 385 1
257 393 1
257 395 1
257 401 1
257 402 1
257 403 1
257 405 2
257 410 1
257 411 1
257 412 1
257 417 1
257 425 1
257 428 1
257 436 1
257 443 1
257 448 1
257 450 1
257 452 1
257 453 1
257 455 1
257 456 1
257 458 1
257 462 1
257 469 1
257 470 1
257 471 1
257 472 1
257 473 1
257 474 1
257 476 1
257 483 2
257 500 1
257 507 1
257 509 1
257 527 1
257 529 1
257 531 1
257 540 1
257 546 1
257 549 1
257 553 1
257 559 1
257 566 1
257 568 2
257 582 1
257 584 1
257 588 1
257 597 1
257 623 1
257 628 1
257 629 1
257 631 1
257 632 1
257 636 1
257 640 1
257 651 1
257 655 2
257 658 1
257 664 1
257 673 1
257 679 1
257 692 1
257 699 1
257 704 1
257 708 1
257 709 1
257 717 1
257 720 1
257 722 1
257 727 1
257 729 1
257 732 1
257 739 1
257 742 2
257 744 1
257 747 1
257 755 1
257 756 1
257 758 1
257 769 1
257 770 1
257 775 1
257 783 1
257 792 1
257 819 1
257 825 1
257 841 1
257 845 1
257 871 1
257 931 1
257 934 1
257 948 1
257 949 1
257 959 1
257 980 1
258 8 1
258 9 1
258 12 1
258 13 1
258 14 1
258 20 1
258 23 1
258 25 1
258 28 1
258 32 1
258 48 1
258 50 2
258 57 1
258 58 1
258 86 1
258 96 1
258 98 2
258 117 1
258 121 2
258 124 1
258 126 1
258 127 2
258 129 1
258 134 1
258 143 1
258 144 1
258 147 1
258 152 1
258 169 1
258 174 2
258 178 1
258 179 1
258 180 1
258 181 2
258 182 1
258 183 1
258 189 1
258 190 1
258 191 1
258 192 1
258 193 1
258 195 1
258 203 1
258 208 1
258 209 1
258 234 1
258 237 1
258 238 1
258 245 1
258 250 1
258 255 1
258 273 1
258 278 1
258 282 1
258 283 1
258 284 1
258 285 1
258 286 2
258 287 1
258 288 2
258 293 1
258 298 1
258 301 1
258 304 1
258 307 1
258 317 1
258 318 1
258 319 1
258 321 1
258 330 1
258 333 1
258 346 1
258 357 1
258 387 1
258 405 1
258 408 1
258 410 1
258 423 1
258 425 1
258 427 1
258 430 1
258 467 1
258 469 1
258 473 1
258 474 1
258 496 1
258 509 1
258 514 1
258 517 1
258 521 1
258 526 1
258 529 1
258 530 1
258 546 1
258 582 1
258 588 1
258 589 1
258 591 1
258 597 1
258 603 1
258 632 1
258 644 1
258 648 1
258 651 1
258 654 1
258 663 1
258 685 1
258 694 1
258 696 1
258 704 1
258 709 1
258 717 1
258 736 1
258 742 1
258 750 1
258 753 1
258 792 1
258 844 1
258 847 1
258 896 1
258 925 1
258 939 1
258 952 1
258 956 1
258 980 1
259 1 1
259 3 1
259 7 1
259 8 1
259 15 1
259 16 1
259 19 1
259 22 1
259 25 1
259 100 2
259 108 1
259 111 1
259 117 1
259 120 1
259 121 1
259 123 1
259 134 1
259 147 1
259 148 1
259 164 1
259 172 1
259 174 1
259 181 1
259 194 1
259 216 1
259 220 1
259 222 1
259 225 1
259 230 1
259 245 1
259 249 1
259 250 1
259 255 1
259 258 2
259 264 1
259 278 1
259 282 1
259 286 1
259 289 1
259 291 1
259 295 1
259 300 1
259 301 1
259 322 1
259 323 1
259 328 1
259 332 1
259 333 1
259 336 1
259 357 1
259 358 1
259 411 1
259 472 1
259 473 1
259 523 1
259 546 1
259 568 1
259 596 1
259 597 1
259 651 1
259 676 1
259 678 1
259 685 1
259 687 1
259 742 1
259 748 1
259 815 1
259 825 1
259 827 1
259 832 1
259 846 1
259 864 1
259 866 1
259 873 1
259 879 1
259 934 1
259 969 1
259 978 1
259 989 1
260 1 2
260 7 2
260 10 1
260 14 1
260 20 1
260 117 1
260 127 2
260 129 1
260 146 1
260 221 1
260 224 1
260 242 1
260 248 1
260 250 1
260 253 1
260 257 1
260 258 2
260 273 1
260 275 1
260 276 1
260 279 1
260 286 2
260 289 1
260 294 1
260 297 1
260 301 1
260 302 1
260 303 1
260 307 1
260 311 1
260 322 1
260 327 1
260 458 1
260 515 1
260 532 1
260 591 1
260 676 1
260 713 1
260 744 1
261 121 1
261 158 1
261 242 1
261 255 1
261 269 1
261 285 1
261 302 1
261 304 1
261 319 1
261 347 1
261 682 1
262 11 1
262 22 1
262 100 2
262 136 1
262 237 2
262 259 1
262 271 1
262 288 2
262 289 1
262 292 1
262 300 1
262 313 2
262 321 1
262 332 1
262 358 1
262 678 1
262 682 1
262 866 1
262 895 1
263 3 1
263 7 1
263 10 1
263 14 1
263 15 1
263 20 1
263 24 1
263 50 1
263 93 1
263 100 1
263 103 1
263 107 1
263 112 1
263 116 1
263 117 1
263 121 1
263 124 1
263 126 1
263 127 1
263 137 1
263 147 1
263 149 1
263 150 1
263 151 1
263 221 1
263 224 1
263 225 1
263 235 1
263 242 1
263 243 1
263 244 1
263 248 1
263 249 1
263 250 1
263 253 1
263 257 1
263 258 1
263 268 1
263 270 1
263 274 1
263 282 1
263 283 1
263 284 1
263 285 1
263 288 1
263 301 1
263 304 1
263 306 1
263 311 1
263 319 1
263 347 1
263 362 1
263 455 1
263 472 1
263 473 1
263 475 1
263 477 1
263 508 1
263 544 1
263 593 1
263 596 1
263 597 1
263 689 1
263 741 1
263 744 1
263 751 1
263 819 1
263 845 1
263 864 1
263 870 1
263 880 1
263 887 1
263 926 1
263 930 1
263 950 1
263 952 1
263 988 1
263 993 1
264 16 1
264 116 1
264 176 1
264 181 2
264 194 1
264 248 1
264 258 2
264 260 1
264 269 1
264 286 2
264 289 1
264 293 1
264 298 1
264 300 1
264 301 1
264 321 1
264 322 1
264 328 1
264 333 1
264 358 1
264 482 1
264 603 1
264 678 1
264 705 1
264 709 1
264 748 1
264 879 1
265 1 1
265 7 1
265 8 1
265 12 1
265 22 1
265 28 1
265 32 1
265 56 2
265 64 1
265 87 1
265 97 1
265 100 2
265 109 1
265 114 1
265 132 1
265 134 1
265 136 1
265 143 1
265 154 1
265 169 1
265 172 1
265 174 1
265 175 1
265 179 1
265 180 1
265 181 2
265 190 1
265 191 1
265 194 1
265 198 1
265 199 1
265 202 1
265 257 1
265 258 2
265 283 1
265 286 2
265 300 1
265 318 1
265 319 1
265 395 1
265 404 1
265 423 1
265 428 1
265 474 1
265 475 1
265 478 1
265 481 1
265 496 1
265 529 1
265 584 1
265 588 1
265 603 1
265 615 1
265 638 1
265 651 1
265 656 1
265 705 1
265 855 1
266 2 1
266 11 1
266 22 1
266 24 1
266 27 1
266 50 2
266 55 1
266 56 2
266 62 1
266 79 1
266 87 1
266 89 1
266 95 1
266 96 1
266 98 2
266 117 1
266 127 2
266 128 1
266 144 1
266 174 2
266 181 2
266 182 1
266 183 1
266 184 1
266 187 1
266 188 1
266 210 1
266 231 1
266 232 1
266 258 2
266 265 1
266 268 1
266 269 1
266 273 1
266 288 2
266 292 1
266 294 1
266 302 1
266 306 1
266 308 1
266 313 2
266 315 1
266 321 1
266 324 1
266 326 1
266 327 1
266 328 1
266 331 1
266 333 1
266 334 1
266 346 1
266 349 1
266 350 1
266 354 1
266 357 1
266 385 1
266 405 1
266 455 1
266 518 1
266 546 1
266 550 1
266 566 1
266 568 1
266 651 1
266 682 1
266 748 1
266 873 1
266 882 1
266 885 1
266 898 1
266 902 1
266 908 1
266 995 1
267 7 2
267 10 1
267 24 1
267 50 2
267 93 1
267 100 2
267 108 1
267 109 1
267 150 1
267 240 1
267 246 1
267 248 1
267 249 1
267 264 1
267 268 1
267 269 1
267 273 1
267 276 1
267 298 1
267 327 1
267 340 1
267 455 1
267 475 1
267 742 1
267 762 1
267 919 1
268 1 1
268 4 1
268 7 1
268 8 1
268 13 1
268 15 1
268 19 1
268 22 1
268 23 1
268 25 1
268 31 1
268 39 1
268 42 1
268 47 1
268 51 1
268 56 1
268 58 1
268 69 1
268 70 1
268 71 1
268 95 1
268 96 1
268 97 1
268 98 1
268 100 2
268 111 1
268 116 1
268 118 1
268 121 1
268 126 1
268 132 1
268 137 1
268 144 1
268 150 1
268 153 1
268 157 1
268 159 1
268 160 1
268 170 1
268 172 1
268 173 1
268 178 1
268 180 1
268 181 1
268 182 1
268 191 1
268 192 1
268 195 1
268 200 1
268 209 1
268 214 1
268 216 1
268 222 1
268 238 1
268 246 1
268 251 1
268 257 1
268 258 2
268 273 1
268 283 1
268 285 1
268 293 1
268 294 1
268 297 1
268 318 1
268 321 1
268 357 1
268 367 1
268 377 1
268 405 1
268 411 1
268 423 1
268 427 1
268 428 1
268 435 1
268 462 1
268 469 1
268 471 1
268 475 1
268 498 1
268 507 1
268 529 1
268 544 1
268 582 1
268 603 1
268 612 1
268 642 1
268 655 1
268 662 1
268 692 1
268 699 1
268 724 1
268 742 1
268 826 1
268 856 1
268 926 1
268 952 1
269 64 2
269 65 1
269 127 3
269 134 2
269 136 2
269 153 2
269 194 2
269 199 2
269 215 2
269 286 3
269 306 2
269 483 2
269 484 2
269 490 1
269 495 1
269 507 1
269 511 2
269 520 2
269 530 2
269 582 2
269 605 1
269 610 1
269 611 1
269 641 1
269 654 2
269 656 1
269 705 2
269 855 1
269 923 1
270 1 1
270 7 1
270 9 1
270 13 1
270 19 1
270 50 1
270 93 1
270 100 1
270 118 1
270 125 1
270 150 1
270 181 1
270 221 1
270 235 1
270 248 1
270 257 1
270 258 1
270 276 1
270 283 1
270 284 1
270 285 1
270 286 1
270 293 1
270 294 1
270 295 1
270 360 1
270 458 1
270 471 1
270 475 1
270 508 1
270 544 1
270 546 1
270 813 1
270 824 1
270 919 1
270 950 1
270 952 1
271 1 1
271 8 1
271 50 2
271 94 1
271 95 1
271 99 1
271 140 1
271 225 1
271 404 1
271 418 1
271 477 1
271 501 1
271 596 1
271 768 1
271 878 1
271 932 1
271 969 1
272 1 2
272 2 1
272 3 1
272 4 1
272 7 2
272 11 1
272 12 2
272 21 1
272 24 1
272 27 1
272 28 1
272 29 1
272 33 1
272 38 1
272 41 1
272 43 1
272 49 1
272 51 1
272 56 2
272 63 1
272 64 2
272 66 1
272 68 1
272 69 2
272 71 1
272 72 1
272 73 1
272 78 1
272 79 2
272 80 1
272 82 1
272 88 1
272 90 1
272 94 1
272 97 1
272 99 1
272 101 1
272 109 1
272 117 2
272 118 1
272 120 1
272 121 2
272 122 1
272 123 1
272 132 1
272 135 2
272 141 1
272 151 2
272 161 1
272 168 2
272 172 2
272 173 2
272 174 2
272 175 2
272 177 1
272 181 2
272 183 2
272 185 1
272 186 1
272 193 1
272 195 2
272 196 1
272 204 2
272 210 2
272 215 1
272 217 1
272 218 1
272 226 1
272 228 1
272 229 1
272 232 1
272 233 1
272 234 2
272 239 1
272 240 1
272 250 1
272 254 1
272 255 1
272 258 3
272 260 1
272 271 1
272 288 2
272 313 2
272 318 2
272 323 1
272 343 1
272 355 1
272 358 1
272 362 1
272 365 1
272 368 1
272 370 1
272 373 1
272 374 1
272 375 1
272 378 1
272 380 1
272 384 1
272 386 1
272 391 1
272 392 1
272 393 1
272 395 1
272 400 1
272 401 1
272 404 1
272 411 1
272 416 1
272 417 1
272 418 1
272 431 1
272 443 1
272 449 1
272 465 1
272 473 1
272 475 1
272 477 1
272 485 1
272 496 1
272 501 1
272 541 1
272 546 1
272 548 1
272 550 1
272 552 1
272 559 1
272 561 1
272 562 1
272 567 1
272 568 1
272 569 1
272 576 1
272 577 1
272 578 1
272 584 1
272 588 1
272 597 1
272 609 1
272 625 1
272 633 1
272 655 1
272 665 1
272 672 1
272 685 1
272 689 1
272 715 1
272 720 1
272 739 1
272 742 1
272 743 1
272 746 1
272 747 1
272 751 1
272 755 1
272 756 1
272 758 1
272 760 1
272 763 1
272 768 1
272 771 1
272 780 1
272 790 1
272 796 1
272 810 1
272 826 1
272 834 1
272 877 1
272 890 1
272 895 1
272 924 1
272 928 1
272 930 1
272 931 1
272 940 1
272 946 1
272 951 1
272 977 1
273 7 1
273 9 1
273 10 1
273 14 1
273 25 1
273 116 1
273 124 1
273 129 1
273 137 1
273 242 1
273 257 1
273 275 1
273 276 1
273 293 1
273 302 1
273 303 1
273 319 1
273 327 1
273 547 1
273 813 1
274 7 2
274 8 2
274 11 2
274 12 2
274 13 2
274 14 1
274 15 2
274 22 2
274 23 1
274 26 1
274 42 1
274 44 1
274 45 1
274 48 1
274 50 3
274 52 1
274 58 1
274 60 1
274 61 1
274 64 2
274 66 1
274 68 1
274 69 2
274 70 2
274 71 1
274 72 1
274 73 1
274 76 1
274 77 1
274 79 2
274 83 1
274 86 1
274 87 1
274 88 1
274 89 2
274 92 1
274 97 2
274 98 2
274 99 1
274 100 3
274 107 1
274 116 1
274 117 2
274 121 2
274 131 1
274 132 2
274 134 1
274 135 2
274 136 1
274 141 1
274 150 1
274 161 2
274 168 2
274 170 1
274 171 1
274 172 2
274 173 2
274 175 2
274 176 2
274 178 1
274 179 1
274 180 1
274 181 3
274 182 2
274 183 2
274 191 2
274 192 1
274 193 1
274 194 2
274 195 2
274 196 2
274 198 1
274 203 1
274 205 1
274 207 1
274 208 1
274 210 2
274 211 2
274 212 1
274 215 1
274 216 2
274 218 1
274 221 1
274 227 1
274 230 1
274 234 2
274 237 2
274 238 2
274 244 1
274 248 1
274 252 1
274 257 2
274 258 3
274 265 2
274 274 1
274 275 2
274 276 2
274 282 1
274 283 1
274 285 1
274 288 2
274 289 1
274 291 1
274 293 1
274 298 1
274 302 2
274 313 2
274 315 1
274 316 1
274 317 1
274 322 1
274 326 1
274 346 1
274 356 1
274 380 1
274 382 1
274 385 1
274 410 1
274 414 1
274 416 1
274 418 1
274 419 1
274 430 1
274 434 1
274 435 2
274 436 1
274 461 1
274 462 1
274 463 1
274 470 1
274 474 1
274 475 2
274 478 1
274 480 1
274 481 1
274 483 2
274 484 1
274 486 1
274 488 1
274 489 1
274 490 1
274 491 1
274 493 1
274 495 1
274 496 2
274 497 1
274 498 1
274 499 1
274 503 1
274 506 1
274 507 1
274 508 2
274 511 1
274 513 1
274 514 1
274 517 1
274 518 1
274 519 1
274 520 1
274 521 1
274 525 1
274 526 1
274 527 1
274 528 1
274 529 1
274 530 1
274 553 1
274 566 1
274 584 1
274 591 1
274 601 1
274 602 1
274 603 1
274 604 1
274 605 1
274 607 1
274 610 1
274 614 1
274 615 1
274 618 1
274 628 1
274 633 1
274 641 1
274 642 1
274 646 1
274 648 1
274 649 1
274 651 1
274 653 1
274 657 1
274 659 1
274 660 1
274 661 1
274 664 1
274 676 1
274 684 1
274 685 1
274 692 1
274 696 1
274 697 1
274 699 1
274 705 1
274 707 1
274 708 1
274 709 1
274 735 1
274 736 1
274 744 1
274 756 1
274 789 1
274 792 1
274 836 1
274 848 1
274 921 1
274 923 1
274 939 1
274 943 1
274 945 1
274 963 1
274 966 1
274 971 1
274 996 1
275 70 2
275 100 3
275 127 2
275 259 1
275 286 3
275 313 2
275 381 1
276 4 1
276 26 1
276 33 1
276 56 1
276 63 1
276 67 1
276 72 1
276 73 1
276 80 1
276 83 1
276 88 1
276 168 1
276 173 1
276 175 1
276 186 1
276 202 1
276 204 1
276 209 1
276 211 1
276 216 1
276 232 1
276 238 1
276 239 1
276 288 1
276 294 1
276 300 1
276 328 1
276 343 1
276 367 1
276 386 1
276 435 1
276 579 1
276 648 1
276 655 1
276 692 1
276 710 1
276 712 1
276 715 1
276 734 1
276 738 1
276 748 1
276 765 1
276 781 1
276 790 1
276 792 1
276 890 1
276 944 1
276 999 1
277 20 1
277 25 2
277 36 1
277 49 1
277 88 1
277 90 1
277 237 2
277 255 1
277 282 1
277 289 1
277 294 2
277 369 1
277 553 1
277 709 1
277 722 1
277 731 1
277 732 1
277 756 1
277 781 1
277 846 1
278 1 2
278 7 2
278 17 1
278 23 1
278 26 1
278 28 1
278 40 1
278 42 1
278 48 1
278 50 2
278 65 1
278 69 1
278 72 1
278 77 1
278 79 2
278 81 1
278 93 1
278 98 2
278 111 1
278 122 1
278 134 1
278 143 1
278 145 1
278 151 1
278 160 1
278 161 1
278 188 1
278 196 1
278 216 1
278 218 1
278 219 1
278 222 2
278 231 1
278 237 2
278 238 1
278 255 1
278 276 1
278 282 1
278 288 2
278 300 2
278 318 1
278 327 1
278 340 1
278 350 1
278 354 1
278 357 1
278 367 1
278 369 1
278 381 1
278 392 1
278 403 1
278 410 1
278 412 1
278 427 1
278 447 1
278 451 1
278 467 1
278 469 1
278 518 1
278 568 1
278 591 1
278 604 1
278 616 1
278 655 1
278 658 1
278 673 1
278 684 1
278 743 1
278 763 1
278 843 1
278 866 1
278 959 1
278 975 1
279 1 1
279 8 1
279 24 1
279 28 1
279 31 1
279 50 2
279 54 1
279 55 1
279 58 1
279 66 1
279 70 1
279 71 1
279 79 1
279 82 1
279 88 1
279 89 1
279 95 1
279 96 1
279 97 1
279 100 2
279 101 1
279 108 1
279 111 1
279 117 1
279 118 1
279 121 1
279 122 1
279 127 1
279 133 1
279 135 1
279 144 1
279 147 1
279 148 1
279 153 1
279 161 1
279 164 1
279 168 1
279 172 1
279 173 1
279 174 1
279 175 1
279 176 1
279 177 1
279 179 1
279 180 1
279 181 2
279 182 1
279 183 1
279 185 1
279 187 1
279 188 1
279 189 1
279 190 1
279 195 1
279 197 1
279 198 1
279 201 1
279 204 1
279 209 1
279 210 1
279 211 1
279 213 1
279 215 1
279 216 1
279 228 1
279 230 1
279 241 1
279 248 1
279 249 1
279 255 1
279 257 1
279 258 2
279 261 1
279 264 1
279 265 1
279 266 1
279 270 1
279 272 1
279 274 1
279 281 1
279 282 1
279 286 1
279 288 1
279 294 1
279 295 1
279 298 1
279 300 1
279 304 1
279 325 1
279 328 1
279 356 1
279 358 1
279 380 1
279 385 1
279 398 1
279 405 1
279 421 1
279 422 1
279 423 1
279 436 1
279 455 1
279 463 1
279 472 1
279 479 1
279 483 1
279 489 1
279 510 1
279 511 1
279 523 1
279 526 1
279 528 1
279 535 1
279 546 1
279 566 1
279 588 1
279 602 1
279 604 1
279 616 1
279 629 1
279 632 1
279 640 1
279 651 1
279 655 1
279 680 1
279 688 1
279 692 1
279 727 1
279 732 1
279 739 1
279 748 1
279 751 1
279 752 1
279 840 1
279 879 1
279 931 1
279 945 1
280 8 1
280 12 1
280 64 1
280 89 1
280 96 1
280 100 2
280 114 1
280 127 1
280 165 1
280 172 1
280 174 1
280 175 1
280 183 1
280 190 1
280 191 1
280 213 1
280 234 1
280 237 1
280 257 1
280 258 2
280 265 1
280 272 1
280 298 1
280 347 1
280 462 1
280 479 1
280 483 1
280 504 1
280 510 1
280 511 1
280 517 1
280 603 1
280 615 1
280 642 1
280 661 1
280 705 1
280 863 1
281 4 1
281 42 1
281 50 3
281 66 1
281 70 1
281 86 1
281 100 3
281 153 1
281 163 1
281 173 2
281 190 1
281 197 1
281 204 2
281 207 1
281 210 2
281 216 2
281 283 1
281 313 2
281 318 2
281 322 1
281 367 1
281 427 1
281 430 1
281 479 1
281 484 1
281 505 1
281 507 1
281 524 1
281 648 1
281 650 1
281 659 1
281 678 1
281 692 1
281 780 1
282 127 1
282 257 1
282 269 1
282 288 1
282 295 1
282 298 1
282 311 1
282 315 1
282 346 1
282 876 1
282 881 1
282 988 1
283 1 1
283 12 1
283 20 1
283 99 1
283 107 1
283 109 1
283 116 1
283 121 1
283 151 1
283 180 1
283 195 1
283 197 1
283 199 1
283 229 1
283 230 1
283 250 1
283 257 1
283 270 1
283 271 1
283 274 1
283 275 1
283 277 1
283 286 1
283 290 1
283 313 1
283 318 1
283 365 1
283 380 1
283 405 1
283 449 1
283 450 1
283 462 1
283 480 1
283 538 1
283 582 1
283 612 1
283 743 1
283 900 1
284 1 2
284 7 2
284 9 2
284 15 2
284 24 2
284 25 2
284 28 2
284 29 1
284 50 3
284 51 1
284 53 1
284 56 3
284 69 2
284 70 2
284 71 2
284 73 1
284 79 2
284 82 2
284 94 1
284 96 2
284 97 2
284 98 2
284 111 2
284 122 1
284 135 2
284 136 1
284 141 1
284 143 2
284 144 2
284 150 2
284 151 2
284 168 2
284 173 2
284 174 2
284 181 3
284 195 2
284 202 2
284 204 2
284 216 2
284 222 2
284 227 1
284 229 2
284 234 2
284 235 2
284 237 2
284 248 1
284 250 2
284 252 1
284 255 1
284 257 2
284 258 3
284 274 2
284 275 2
284 293 1
284 294 2
284 300 2
284 313 2
284 315 1
284 318 2
284 343 1
284 385 2
284 392 1
284 399 1
284 405 2
284 419 1
284 422 1
284 427 2
284 431 1
284 449 1
284 451 1
284 463 1
284 472 1
284 510 1
284 550 1
284 554 1
284 560 1
284 562 1
284 568 2
284 578 1
284 588 2
284 597 2
284 625 1
284 651 2
284 655 2
284 665 1
284 679 1
284 692 2
284 699 1
284 746 1
284 778 1
284 823 1
284 829 1
284 849 1
284 879 1
284 924 1
284 926 1
285 288 1
285 289 1
285 303 1
285 307 1
285 313 1
285 319 1
285 321 1
285 326 1
285 330 1
285 347 1
285 748 1
286 1 1
286 3 1
286 7 1
286 10 1
286 13 1
286 14 1
286 15 1
286 93 1
286 109 1
286 111 1
286 121 1
286 123 1
286 124 1
286 125 1
286 127 1
286 129 1
286 137 1
286 146 1
286 147 1
286 150 1
286 151 1
286 181 1
286 220 1
286 221 1
286 235 1
286 236 1
286 237 1
286 245 1
286 248 1
286 250 1
286 255 1
286 257 1
286 258 2
286 262 1
286 264 1
286 270 1
286 273 1
286 275 1
286 276 1
286 277 1
286 280 1
286 282 1
286 284 1
286 285 1
286 286 1
286 287 1
286 295 1
286 298 1
286 299 1
286 300 1
286 305 1
286 319 1
286 321 1
286 322 1
286 327 1
286 331 1
286 332 1
286 333 1
286 460 1
286 471 1
286 475 1
286 476 1
286 508 1
286 591 1
286 595 1
286 597 1
286 620 1
286 628 1
286 678 1
286 689 1
286 690 1
286 696 1
286 717 1
286 718 1
286 742 1
286 748 1
286 762 1
286 766 1
286 818 1
286 823 1
286 846 1
286 864 1
286 872 1
286 874 1
286 879 1
286 880 1
286 882 1
286 886 1
286 887 1
286 924 1
286 935 1
286 936 1
286 975 1
286 994 1
286 995 1
287 1 1
287 2 1
287 3 1
287 4 1
287 12 1
287 17 1
287 25 1
287 28 1
287 31 1
287 38 1
287 42 1
287 43 1
287 45 1
287 48 1
287 49 1
287 50 2
287 55 1
287 58 1
287 66 1
287 68 1
287 69 1
287 71 1
287 73 1
287 76 1
287 77 1
287 79 1
287 81 1
287 82 1
287 87 1
287 88 1
287 92 1
287 95 1
287 96 1
287 97 1
287 99 1
287 100 2
287 111 1
287 117 1
287 121 1
287 125 1
287 128 1
287 133 1
287 136 1
287 140 1
287 143 1
287 144 1
287 150 1
287 160 1
287 161 1
287 172 1
287 174 1
287 176 1
287 179 1
287 181 1
287 183 1
287 188 1
287 191 1
287 194 1
287 195 1
287 196 1
287 202 1
287 206 1
287 215 1
287 216 1
287 218 1
287 222 1
287 226 1
287 227 1
287 230 1
287 232 1
287 237 1
287 239 1
287 249 1
287 252 1
287 255 1
287 257 1
287 258 2
287 259 1
287 260 1
287 265 1
287 270 1
287 272 1
287 273 1
287 276 1
287 280 1
287 282 1
287 286 1
287 288 1
287 289 1
287 293 1
287 294 1
287 298 1
287 300 1
287 318 1
287 333 1
287 347 1
287 356 1
287 366 1
287 367 1
287 378 1
287 402 1
287 411 1
287 412 1
287 423 1
287 432 1
287 455 1
287 462 1
287 470 1
287 471 1
287 474 1
287 501 1
287 540 1
287 541 1
287 546 1
287 549 1
287 550 1
287 566 1
287 572 1
287 578 1
287 588 1
287 591 1
287 596 1
287 597 1
287 620 1
287 627 1
287 628 1
287 651 1
287 652 1
287 658 1
287 672 1
287 679 1
287 684 1
287 685 1
287 686 1
287 692 1
287 710 1
287 713 1
287 727 1
287 732 1
287 735 1
287 739 1
287 742 1
287 747 1
287 748 1
287 768 1
287 772 1
287 779 1
287 781 1
287 790 1
287 794 1
287 820 1
287 823 1
287 833 1
287 845 1
287 921 1
287 932 1
287 939 1
287 941 1
287 955 1
287 956 1
287 978 1
288 1 1
288 8 1
288 9 1
288 11 1
288 22 1
288 28 1
288 33 1
288 58 1
288 64 1
288 69 1
288 70 1
288 83 1
288 87 1
288 96 1
288 98 1
288 111 1
288 133 1
288 135 1
288 154 1
288 164 1
288 168 1
288 172 1
288 173 1
288 176 1
288 180 1
288 181 1
288 182 1
288 183 1
288 185 1
288 186 1
288 190 1
288 196 1
288 198 1
288 199 1
288 200 1
288 203 1
288 207 1
288 208 1
288 210 1
288 211 1
288 222 1
288 228 1
288 230 1
288 238 1
288 243 1
288 245 1
288 258 1
288 260 1
288 265 1
288 269 1
288 289 1
288 292 1
288 299 1
288 304 1
288 318 1
288 328 1
288 333 1
288 357 1
288 358 1
288 385 1
288 405 1
288 414 1
288 419 1
288 429 1
288 434 1
288 468 1
288 474 1
288 480 1
288 485 1
288 491 1
288 493 1
288 496 1
288 498 1
288 500 1
288 510 1
288 511 1
288 514 1
288 515 1
288 520 1
288 521 1
288 523 1
288 526 1
288 527 1
288 568 1
288 605 1
288 612 1
288 655 1
288 659 1
288 662 1
288 692 1
288 707 1
288 724 1
288 732 1
288 748 1
288 776 1
288 845 1
288 880 1
288 890 1
289 243 1
289 258 2
289 259 1
289 260 1
289 261 1
289 263 1
289 264 1
289 266 1
289 268 1
289 270 1
289 271 1
289 272 1
289 286 1
289 288 1
289 289 1
289 292 1
289 294 1
289 301 1
289 302 1
289 303 1
289 308 1
289 310 1
289 313 1
289 315 1
289 316 1
289 321 1
289 324 1
289 325 1
289 326 1
289 327 1
289 330 1
289 331 1
289 332 1
289 333 1
289 334 1
289 339 1
289 340 1
289 342 1
289 343 1
289 349 1
289 353 1
289 355 1
289 358 1
289 457 1
289 538 1
289 539 1
289 678 1
289 681 1
289 682 1
289 687 1
289 689 1
289 750 1
289 751 1
289 752 1
289 872 1
289 873 1
289 874 1
289 875 1
289 881 1
289 883 1
289 887 1
289 890 1
289 892 1
289 902 1
289 908 1
289 948 1
289 988 1
289 989 1
289 991 1
290 1 1
290 7 1
290 9 1
290 15 1
290 50 1
290 93 1
290 117 1
290 124 1
290 126 1
290 127 1
290 150 1
290 151 1
290 181 1
290 224 1
290 237 1
290 246 1
290 257 1
290 258 1
290 273 1
290 277 1
290 284 1
290 286 1
290 292 1
290 293 1
290 298 1
290 302 1
290 333 1
290 410 1
290 475 1
290 515 1
290 596 1
290 764 1
290 847 1
290 919 1
290 926 1
290 993 1
291 7 1
291 19 1
291 45 1
291 100 2
291 124 1
291 129 1
291 236 1
291 237 1
291 258 2
291 273 1
291 286 1
291 340 1
291 475 1
291 657 1
291 900 1
292 45 1
292 56 2
292 64 1
292 69 1
292 83 1
292 97 1
292 100 2
292 124 1
292 127 1
292 134 1
292 137 1
292 185 1
292 186 1
292 187 1
292 192 1
292 193 1
292 205 1
292 221 1
292 242 1
292 285 1
292 286 2
292 318 1
292 479 1
292 482 1
292 483 1
292 492 1
292 511 1
292 523 1
292 527 1
292 531 1
292 654 1
292 657 1
292 772 1
292 923 1
293 1 2
293 7 2
293 11 1
293 12 1
293 22 1
293 24 1
293 48 1
293 50 2
293 56 2
293 59 1
293 60 1
293 61 1
293 65 1
293 69 1
293 71 1
293 79 1
293 82 1
293 91 1
293 95 1
293 96 1
293 98 2
293 100 2
293 115 1
293 117 1
293 118 1
293 121 2
293 124 1
293 127 2
293 150 1
293 156 1
293 168 1
293 171 1
293 172 1
293 173 1
293 174 2
293 175 1
293 176 1
293 180 1
293 181 2
293 182 1
293 183 1
293 188 1
293 191 1
293 192 1
293 195 1
293 196 1
293 201 1
293 209 1
293 210 1
293 222 1
293 234 1
293 235 1
293 238 1
293 239 1
293 250 1
293 252 1
293 257 1
293 258 2
293 260 1
293 264 1
293 265 1
293 271 1
293 273 1
293 275 1
293 284 1
293 288 2
293 298 1
293 300 1
293 318 1
293 323 1
293 327 1
293 328 1
293 343 1
293 357 1
293 369 1
293 405 1
293 411 1
293 423 1
293 431 1
293 455 1
293 462 1
293 475 1
293 483 1
293 527 1
293 528 1
293 546 1
293 550 1
293 597 1
293 647 1
293 652 1
293 684 1
293 687 1
293 693 1
293 742 1
293 746 1
293 751 1
293 754 1
293 762 1
293 763 1
293 876 1
293 886 1
293 890 1
293 925 1
294 1 2
294 9 2
294 15 2
294 64 2
294 65 1
294 86 1
294 98 2
294 100 3
294 126 1
294 174 2
294 183 2
294 191 2
294 194 2
294 222 2
294 237 2
294 286 2
294 289 1
294 294 2
294 322 1
294 357 2
294 479 1
294 507 1
294 528 1
294 748 2
294 924 1
295 2 1
295 4 1
295 11 1
295 29 1
295 44 1
295 50 2
295 53 1
295 54 1
295 56 2
295 62 1
295 64 1
295 68 1
295 69 1
295 71 1
295 79 1
295 84 1
295 86 1
295 88 1
295 89 1
295 90 1
295 91 1
295 94 1
295 95 1
295 98 2
295 101 1
295 109 1
295 120 1
295 127 2
295 132 1
295 133 1
295 139 1
295 140 1
295 144 1
295 145 1
295 147 1
295 153 1
295 155 1
295 157 1
295 158 1
295 161 1
295 162 1
295 163 1
295 167 1
295 168 1
295 172 1
295 173 1
295 174 2
295 176 1
295 179 1
295 181 2
295 184 1
295 186 1
295 188 1
295 191 1
295 195 1
295 200 1
295 201 1
295 202 1
295 214 1
295 216 1
295 217 1
295 219 1
295 222 1
295 226 1
295 227 1
295 228 1
295 229 1
295 230 1
295 231 1
295 232 1
295 234 1
295 235 1
295 265 1
295 282 1
295 288 2
295 357 1
295 379 1
295 380 1
295 385 1
295 386 1
295 389 1
295 391 1
295 392 1
295 395 1
295 402 1
295 403 1
295 404 1
295 413 1
295 416 1
295 417 1
295 421 1
295 423 1
295 431 1
295 433 1
295 435 1
295 444 1
295 447 1
295 449 1
295 452 1
295 465 1
295 470 1
295 472 1
295 478 1
295 479 1
295 496 1
295 501 1
295 504 1
295 505 1
295 507 1
295 523 1
295 550 1
295 559 1
295 566 1
295 575 1
295 581 1
295 616 1
295 622 1
295 629 1
295 642 1
295 650 1
295 658 1
295 660 1
295 665 1
295 671 1
295 674 1
295 679 1
295 684 1
295 705 1
295 732 1
295 742 1
295 768 1
295 770 1
295 790 1
295 796 1
295 797 1
295 831 1
295 843 1
295 924 1
295 944 1
296 7 2
296 10 1
296 17 1
296 33 1
296 38 1
296 39 1
296 42 1
296 50 3
296 53 1
296 56 2
296 64 2
296 77 1
296 87 1
296 96 2
296 97 1
296 98 2
296 99 1
296 109 1
296 132 1
296 133 1
296 135 2
296 136 1
296 141 1
296 142 1
296 143 1
296 147 1
296 150 1
296 154 1
296 156 1
296 158 1
296 164 1
296 172 2
296 173 2
296 181 2
296 183 2
296 186 1
296 204 2
296 222 2
296 227 1
296 228 1
296 229 1
296 246 1
296 268 2
296 288 2
296 318 2
296 356 1
296 378 1
296 380 1
296 393 1
296 417 1
296 418 1
296 420 1
296 421 1
296 433 1
296 469 1
296 480 1
296 484 1
296 485 1
296 509 1
296 526 1
296 528 1
296 532 1
296 554 1
296 561 1
296 607 1
296 625 1
296 633 1
296 727 1
296 743 1
296 746 1
296 774 1
296 825 1
296 921 1
297 1 1
297 2 1
297 3 1
297 11 1
297 12 1
297 13 1
297 19 1
297 24 1
297 25 1
297 28 1
297 31 1
297 38 1
297 39 1
297 54 1
297 56 1
297 66 1
297 67 1
297 70 1
297 71 1
297 72 1
297 77 1
297 79 1
297 80 1
297 87 1
297 89 1
297 94 1
297 95 1
297 96 1
297 97 1
297 98 1
297 99 1
297 100 2
297 101 1
297 105 1
297 108 1
297 109 1
297 114 1
297 118 1
297 122 1
297 127 1
297 139 1
297 145 1
297 152 1
297 153 1
297 155 1
297 161 1
297 163 1
297 164 1
297 167 1
297 168 1
297 173 1
297 174 1
297 175 1
297 181 1
297 183 1
297 185 1
297 186 1
297 187 1
297 188 1
297 189 1
297 194 1
297 195 1
297 197 1
297 202 1
297 204 1
297 208 1
297 217 1
297 222 1
297 225 1
297 227 1
297 228 1
297 229 1
297 230 1
297 233 1
297 234 1
297 240 1
297 242 1
297 248 1
297 250 1
297 252 1
297 257 1
297 258 2
297 260 1
297 268 1
297 273 1
297 274 1
297 288 1
297 291 1
297 325 1
297 358 1
297 363 1
297 364 1
297 373 1
297 381 1
297 382 1
297 384 1
297 385 1
297 386 1
297 393 1
297 395 1
297 399 1
297 403 1
297 405 1
297 407 1
297 408 1
297 412 1
297 418 1
297 423 1
297 431 1
297 432 1
297 451 1
297 452 1
297 455 1
297 465 1
297 472 1
297 475 1
297 501 1
297 508 1
297 510 1
297 526 1
297 540 1
297 545 1
297 549 1
297 550 1
297 552 1
297 559 1
297 562 1
297 566 1
297 568 1
297 570 1
297 575 1
297 577 1
297 578 1
297 588 1
297 590 1
297 597 1
297 603 1
297 625 1
297 627 1
297 645 1
297 651 1
297 652 1
297 655 1
297 657 1
297 679 1
297 692 1
297 716 1
297 721 1
297 722 1
297 724 1
297 731 1
297 741 1
297 748 1
297 758 1
297 765 1
297 771 1
297 780 1
297 781 1
297 783 1
297 790 1
297 792 1
297 797 1
297 802 1
297 808 1
297 809 1
297 810 1
297 840 1
297 849 1
297 864 1
297 940 1
297 943 1
297 1000 1
298 10 1
298 11 1
298 12 1
298 23 1
298 32 1
298 50 2
298 53 1
298 54 1
298 56 1
298 59 1
298 61 1
298 79 1
298 83 1
298 89 1
298 98 1
298 121 1
298 124 1
298 127 1
298 136 1
298 137 1
298 144 1
298 150 1
298 151 1
298 156 1
298 160 1
298 164 1
298 168 1
298 171 1
298 172 1
298 175 1
298 176 1
298 182 1
298 183 1
298 186 1
298 187 1
298 191 1
298 192 1
298 197 1
298 202 1
298 203 1
298 204 1
298 210 1
298 218 1
298 222 1
298 228 1
298 229 1
298 258 2
298 262 1
298 271 1
298 275 1
298 288 1
298 293 1
298 302 1
298 340 1
298 381 1
298 425 1
298 435 1
298 443 1
298 447 1
298 448 1
298 449 1
298 464 1
298 474 1
298 475 1
298 483 1
298 484 1
298 486 1
298 489 1
298 512 1
298 515 1
298 522 1
298 525 1
298 548 1
298 554 1
298 558 1
298 594 1
298 607 1
298 628 1
298 631 1
298 649 1
298 652 1
298 656 1
298 664 1
298 675 1
298 693 1
298 754 1
298 772 1
298 806 1
298 887 1
298 919 1
298 922 1
298 933 1
298 985 1
299 7 2
299 8 1
299 11 1
299 12 1
299 50 2
299 69 1
299 87 1
299 97 1
299 117 1
299 132 1
299 153 1
299 157 1
299 176 1
299 177 1
299 181 2
299 182 1
299 183 1
299 191 1
299 193 1
299 194 1
299 198 1
299 202 1
299 207 1
299 210 1
299 213 1
299 215 1
299 238 1
299 251 1
299 271 1
299 272 1
299 275 1
299 295 1
299 300 1
299 301 1
299 312 1
299 313 2
299 318 1
299 326 1
299 357 1
299 414 1
299 425 1
299 427 1
299 463 1
299 474 1
299 482 1
299 483 1
299 484 1
299 486 1
299 497 1
299 511 1
299 514 1
299 516 1
299 520 1
299 521 1
299 530 1
299 539 1
299 605 1
299 651 1
299 657 1
299 661 1
299 663 1
299 690 1
299 692 1
299 742 1
299 750 1
299 879 1
299 886 1
299 887 1
299 902 1
300 1 2
300 3 1
300 8 1
300 9 1
300 15 1
300 25 2
300 28 1
300 30 1
300 39 1
300 42 1
300 43 1
300 44 1
300 45 1
300 50 3
300 56 2
300 58 1
300 59 1
300 61 1
300 62 1
300 69 1
300 70 1
300 72 1
300 77 1
300 83 1
300 88 1
300 89 2
300 94 1
300 97 1
300 98 2
300 100 2
300 116 1
300 118 1
300 120 1
300 125 1
300 129 1
300 133 1
300 135 1
300 143 1
300 147 1
300 159 1
300 164 1
300 172 2
300 175 1
300 179 1
300 181 2
300 196 1
300 204 1
300 208 1
300 210 2
300 211 1
300 216 2
300 217 1
300 223 1
300 234 1
300 235 1
300 238 1
300 244 1
300 245 1
300 246 1
300 250 1
300 252 1
300 255 1
300 257 1
300 268 1
300 274 1
300 275 1
300 276 1
300 281 1
300 282 1
300 283 1
300 284 1
300 285 1
300 287 1
300 294 2
300 298 1
300 300 2
300 301 1
300 304 1
300 316 1
300 319 1
300 325 1
300 381 1
300 386 1
300 387 1
300 393 1
300 396 1
300 405 2
300 407 1
300 412 1
300 421 1
300 448 1
300 464 1
300 469 1
300 471 1
300 472 1
300 475 1
300 476 1
300 479 1
300 498 1
300 509 1
300 514 1
300 517 1
300 522 1
300 529 1
300 531 1
300 535 1
300 553 1
300 559 1
300 568 1
300 569 1
300 584 1
300 611 1
300 619 1
300 639 1
300 640 1
300 660 1
300 662 1
300 665 1
300 699 1
300 709 1
300 714 1
300 721 1
300 729 1
300 735 1
300 739 1
300 742 1
300 762 1
300 768 1
300 775 1
300 780 1
300 781 1
300 815 1
300 821 1
300 827 1
300 836 1
300 845 1
300 930 1
300 964 1
300 971 1
300 988 1
300 996 1