301 191 1
301 204 1
301 269 1
301 283 1
301 423 1
301 484 1
301 515 1
301 604 1
302 243 1
302 269 1
302 286 1
302 313 1
302 315 1
302 326 1
302 328 1
302 333 1
302 678 1
303 258 2
303 268 1
303 269 1
303 294 2
303 300 2
303 303 1
303 305 1
303 325 1
303 333 1
303 340 1
303 682 1
303 995 1
304 64 2
304 143 2
304 194 2
304 245 2
304 286 3
304 418 2
304 480 2
304 492 1
304 604 1
304 606 1
304 705 2
305 137 1
305 272 1
305 327 1
305 650 1
305 651 1
305 750 1
305 886 1
306 121 1
306 126 1
306 127 1
306 151 1
306 252 1
306 289 1
306 405 1
306 924 1
307 111 1
307 118 1
307 181 2
307 220 1
307 252 1
307 258 2
307 298 1
307 301 1
307 471 1
307 476 1
307 546 1
307 845 1
307 926 1
308 245 1
308 288 2
308 300 2
308 873 1
308 879 1
309 268 1
309 270 1
309 292 1
309 300 1
309 302 1
309 310 1
309 313 1
309 332 1
309 346 1
309 682 1
309 690 1
309 880 1
310 21 1
310 94 1
310 181 1
310 240 1
310 300 1
310 596 1
310 597 1
311 64 1
311 111 1
311 151 1
311 251 1
311 257 1
311 272 1
311 750 1
311 751 1
312 1 2
312 9 2
312 100 3
312 129 1
312 268 2
312 276 2
312 286 2
312 300 2
312 742 1
313 243 1
313 286 2
313 288 1
313 310 1
313 313 1
313 315 1
313 323 1
313 333 1
313 748 1
314 258 2
314 272 1
314 288 2
314 319 1
314 362 1
314 882 1
314 891 1
315 243 1
315 259 1
315 288 2
315 294 2
315 321 1
315 339 1
315 342 1
315 359 1
315 410 1
315 597 1
315 687 1
315 875 1
315 988 1
316 14 1
316 237 1
316 245 1
316 272 1
316 313 1
316 321 1
316 676 1
317 272 1
317 315 1
317 316 1
317 319 1
317 345 1
318 98 2
318 173 2
318 245 1
318 269 2
318 286 2
318 288 2
318 294 2
318 301 1
318 313 2
318 315 1
318 347 1
318 752 1
319 271 1
319 288 1
319 289 1
319 301 1
319 304 1
319 308 1
319 310 1
319 331 1
319 338 1
319 877 1
319 938 1
319 989 1
320 269 1
320 271 1
320 288 1
320 294 1
320 300 1
320 305 1
320 325 1
320 327 1
320 333 1
320 343 1
320 890 1
321 100 2
321 150 1
321 151 1
321 168 1
321 191 1
321 194 1
321 198 1
321 205 1
321 222 2
321 276 1
321 288 2
321 313 2
321 682 1
321 902 1
322 1 1
322 24 1
322 147 1
322 254 1
322 405 1
322 410 1
322 471 1
322 473 1
322 742 1
323 100 2
323 264 1
323 328 1
323 456 1
323 687 1
323 876 1
323 881 1
323 948 1
324 245 1
324 270 1
324 289 1
324 294 1
324 309 1
324 322 1
324 328 1
324 879 1
325 237 1
325 271 1
325 278 1
325 288 1
325 298 1
325 300 1
325 313 1
325 328 1
325 343 1
325 682 1
325 742 1
325 763 1
326 13 1
326 25 2
326 100 2
326 111 1
326 116 1
326 150 1
326 235 1
326 283 1
326 306 1
326 476 1
326 756 1
327 258 2
327 300 1
327 303 1
327 319 1
327 333 1
327 334 1
328 14 1
328 50 3
328 222 2
328 258 3
328 748 2
328 832 1
328 845 1
329 245 1
329 264 1
329 268 1
329 322 1
329 323 1
329 328 1
329 354 1
329 678 1
329 748 1
329 879 1
330 259 1
330 267 1
330 268 1
330 301 1
330 306 1
330 333 1
330 338 1
330 346 1
330 682 1
330 751 1
330 879 1
331 1 2
331 5 1
331 7 2
331 8 2
331 9 2
331 11 2
331 12 2
331 22 2
331 31 1
331 38 1
331 53 1
331 54 1
331 56 2
331 70 2
331 73 1
331 77 1
331 79 2
331 82 2
331 95 1
331 96 2
331 97 2
331 98 2
331 105 1
331 106 1
331 117 2
331 118 2
331 120 1
331 121 2
331 122 1
331 123 1
331 125 2
331 127 2
331 144 2
331 156 1
331 159 1
331 172 2
331 174 2
331 181 3
331 182 2
331 204 2
331 210 2
331 218 1
331 222 2
331 227 1
331 228 2
331 229 1
331 230 2
331 232 1
331 233 1
331 234 2
331 235 1
331 237 2
331 240 1
331 249 1
331 255 1
331 257 2
331 258 3
331 264 1
331 265 2
331 271 1
331 273 2
331 282 2
331 288 2
331 291 1
331 293 1
331 294 2
331 295 1
331 298 1
331 300 2
331 307 1
331 313 2
331 322 1
331 323 2
331 326 1
331 327 1
331 328 2
331 332 1
331 333 2
331 342 1
331 356 1
331 369 1
331 370 1
331 405 2
331 406 1
331 409 1
331 410 1
331 449 1
331 450 1
331 451 1
331 452 1
331 456 1
331 470 1
331 546 2
331 566 1
331 595 1
331 597 2
331 628 1
331 651 2
331 655 2
331 660 1
331 673 1
331 679 1
331 684 1
331 693 1
331 696 1
331 728 1
331 746 1
331 756 1
331 763 1
331 770 1
331 815 1
331 824 1
331 827 1
331 831 1
331 833 1
331 840 1
331 841 1
331 845 1
331 866 1
331 871 1
331 879 1
331 895 1
331 928 1
331 931 1
331 934 1
331 975 1
331 978 1
331 982 1
331 983 1
332 88 1
332 153 1
332 168 1
332 180 1
332 186 1
332 269 2
332 294 2
332 315 1
332 316 1
332 435 1
332 513 1
332 748 1
332 873 1
333 4 1
333 7 2
333 8 1
333 9 1
333 12 1
333 13 1
333 19 1
333 20 1
333 22 1
333 23 1
333 28 1
333 42 1
333 50 2
333 52 1
333 56 2
333 58 1
333 59 1
333 61 1
333 68 1
333 69 1
333 70 1
333 72 1
333 73 1
333 74 1
333 77 1
333 79 2
333 81 1
333 86 1
333 89 2
333 91 1
333 93 1
333 95 1
333 98 2
333 100 2
333 111 1
333 115 1
333 116 1
333 117 2
333 124 1
333 125 1
333 127 2
333 131 1
333 132 1
333 134 1
333 135 1
333 143 1
333 150 1
333 153 1
333 154 1
333 155 1
333 160 1
333 163 1
333 164 1
333 168 1
333 169 1
333 170 1
333 171 1
333 172 1
333 173 1
333 174 2
333 175 1
333 176 1
333 181 2
333 182 1
333 183 1
333 185 1
333 186 1
333 191 1
333 196 1
333 197 1
333 200 1
333 203 1
333 204 1
333 207 1
333 210 1
333 213 1
333 216 1
333 217 1
333 220 1
333 221 1
333 222 2
333 223 1
333 224 1
333 225 1
333 227 1
333 228 1
333 229 1
333 230 1
333 231 1
333 235 1
333 237 2
333 238 1
333 239 1
333 244 1
333 245 1
333 248 1
333 250 1
333 255 1
333 257 1
333 258 2
333 265 1
333 268 1
333 269 2
333 271 1
333 272 1
333 275 1
333 276 1
333 277 1
333 282 1
333 283 1
333 285 1
333 286 2
333 287 1
333 288 2
333 289 1
333 293 1
333 297 1
333 300 2
333 301 1
333 303 1
333 305 1
333 306 1
333 310 1
333 311 1
333 312 1
333 313 2
333 315 1
333 316 1
333 317 1
333 318 1
333 319 1
333 322 1
333 324 1
333 326 1
333 328 1
333 333 1
333 337 1
333 338 1
333 340 1
333 345 1
333 346 1
333 347 1
333 371 1
333 396 1
333 405 2
333 408 1
333 421 1
333 423 1
333 425 1
333 428 1
333 429 1
333 430 1
333 433 1
333 436 1
333 443 1
333 449 1
333 450 1
333 461 1
333 462 1
333 474 1
333 475 1
333 476 1
333 481 1
333 483 1
333 484 1
333 485 1
333 488 1
333 494 1
333 498 1
333 500 1
333 502 1
333 505 1
333 506 1
333 508 1
333 510 1
333 512 1
333 514 1
333 515 1
333 521 1
333 525 1
333 529 1
333 537 1
333 553 1
333 558 1
333 566 1
333 577 1
333 582 1
333 591 1
333 603 1
333 606 1
333 607 1
333 620 1
333 628 1
333 629 1
333 631 1
333 634 1
333 635 1
333 640 1
333 642 1
333 652 1
333 655 1
333 657 1
333 658 1
333 663 1
333 675 1
333 678 1
333 684 1
333 689 1
333 693 1
333 707 1
333 708 1
333 709 1
333 710 1
333 712 1
333 716 1
333 736 1
333 740 1
333 742 1
333 744 1
333 746 1
333 753 1
333 762 1
333 792 1
333 815 1
333 840 1
333 845 1
333 846 1
333 855 1
333 856 1
333 865 1
333 870 1
333 877 1
333 879 1
333 886 1
333 887 1
333 888 1
333 896 1
333 899 1
333 902 1
333 905 1
333 906 1
333 922 1
333 931 1
333 936 1
333 937 1
333 945 1
333 950 1
333 955 1
333 961 1
333 969 1
334 245 1
334 258 2
334 269 1
334 288 1
334 307 1
334 313 2
334 324 1
334 342 1
334 347 1
334 748 1
334 902 1
335 3 1
335 4 1
335 13 1
335 15 1
335 26 1
335 33 1
335 41 1
335 42 1
335 49 1
335 56 1
335 66 1
335 67 1
335 88 1
335 94 1
335 100 1
335 105 1
335 111 1
335 117 1
335 121 1
335 122 1
335 124 1
335 125 1
335 151 1
335 153 1
335 154 1
335 158 1
335 168 1
335 186 1
335 202 1
335 208 1
335 216 1
335 232 1
335 237 1
335 239 1
335 275 1
335 276 1
335 282 1
335 284 1
335 290 1
335 367 1
335 383 1
335 388 1
335 395 1
335 401 1
335 405 1
335 410 1
335 451 1
335 475 1
335 546 1
335 571 1
335 577 1
335 619 1
335 628 1
335 655 1
335 692 1
335 710 1
335 722 1
335 732 1
335 738 1
335 742 1
335 762 1
335 763 1
335 765 1
335 780 1
335 781 1
335 785 1
335 790 1
335 796 1
335 824 1
335 859 1
335 864 1
335 959 1
335 998 1
335 999 1
336 15 1
336 50 2
336 106 1
336 121 2
336 127 2
336 181 2
336 228 1
336 230 1
336 235 1
336 257 1
336 371 1
336 380 1
336 392 1
336 515 1
336 520 1
336 631 1
336 742 1
336 831 1
337 1 2
337 56 2
337 79 2
337 83 1
337 132 1
337 133 1
337 134 1
337 135 2
337 168 2
337 170 1
337 174 2
337 175 2
337 180 1
337 189 1
337 194 1
337 204 2
337 208 1
337 211 1
337 212 1
337 213 1
337 215 1
337 216 2
337 269 2
337 294 2
337 301 1
337 306 1
337 310 1
337 435 1
337 443 1
337 462 1
337 474 1
337 480 1
337 483 1
337 484 1
337 486 1
337 488 1
337 490 1
337 494 1
337 498 1
337 511 1
337 513 1
337 514 1
337 516 1
337 523 1
337 525 1
337 582 1
337 604 1
337 607 1
337 613 1
337 650 1
337 654 1
337 708 1
337 792 1
337 945 1
338 1 2
338 4 1
338 5 1
338 7 2
338 11 2
338 12 2
338 22 2
338 23 1
338 25 2
338 28 2
338 29 1
338 30 1
338 32 1
338 42 1
338 47 1
338 50 3
338 55 1
338 56 2
338 58 1
338 64 2
338 65 1
338 67 1
338 69 2
338 73 1
338 74 1
338 76 1
338 79 2
338 80 1
338 81 1
338 82 2
338 86 1
338 88 1
338 89 2
338 91 1
338 97 2
338 98 2
338 100 3
338 101 1
338 117 2
338 121 2
338 124 2
338 126 1
338 127 2
338 130 1
338 131 1
338 132 2
338 133 1
338 134 1
338 135 2
338 136 1
338 139 1
338 144 2
338 145 1
338 150 1
338 151 2
338 153 2
338 154 1
338 156 1
338 157 1
338 159 1
338 160 1
338 161 2
338 163 1
338 167 1
338 168 2
338 170 1
338 174 2
338 175 2
338 179 1
338 180 1
338 181 3
338 183 2
338 186 2
338 188 1
338 190 1
338 191 2
338 192 1
338 194 2
338 195 2
338 196 2
338 197 2
338 198 1
338 199 1
338 203 1
338 204 2
338 205 1
338 208 1
338 209 2
338 214 1
338 222 2
338 226 1
338 227 1
338 228 2
338 231 1
338 233 1
338 235 1
338 238 2
338 240 1
338 248 1
338 257 2
338 258 3
338 265 2
338 269 2
338 270 1
338 276 2
338 286 3
338 288 2
338 298 1
338 302 2
338 317 1
338 327 2
338 347 1
338 357 2
338 380 1
338 383 1
338 402 1
338 403 1
338 404 1
338 410 1
338 411 1
338 415 1
338 427 2
338 428 1
338 431 1
338 433 1
338 435 2
338 436 1
338 447 1
338 449 1
338 451 1
338 461 1
338 469 1
338 474 2
338 475 2
338 478 1
338 479 1
338 483 2
338 484 1
338 485 1
338 496 2
338 498 1
338 503 1
338 508 2
338 509 1
338 514 2
338 515 1
338 516 1
338 521 1
338 522 1
338 523 1
338 525 1
338 527 2
338 528 1
338 530 1
338 546 2
338 549 1
338 550 1
338 566 1
338 568 2
338 573 1
338 582 1
338 603 1
338 607 1
338 614 1
338 631 1
338 632 1
338 636 1
338 637 1
338 640 1
338 642 1
338 649 1
338 650 1
338 655 2
338 657 1
338 661 1
338 663 1
338 673 1
338 675 1
338 678 1
338 693 1
338 702 1
338 709 1
338 719 1
338 735 1
338 737 1
338 739 1
338 770 1
338 772 1
338 806 1
338 823 1
338 845 1
338 856 1
338 939 1
338 942 1
338 961 1
339 1 2
339 15 2
339 50 3
339 66 1
339 71 1
339 143 1
339 172 2
339 174 2
339 179 1
339 181 2
339 205 1
339 215 1
339 265 1
339 274 1
339 402 1
339 405 2
339 423 2
339 435 1
339 486 1
339 502 1
339 504 1
339 520 1
339 526 1
339 584 1
339 662 1
339 946 1
340 3 1
340 4 1
340 7 1
340 8 1
340 11 1
340 13 1
340 15 1
340 23 1
340 25 1
340 26 1
340 28 1
340 47 1
340 56 1
340 58 1
340 68 1
340 92 1
340 93 1
340 95 1
340 98 1
340 100 1
340 108 1
340 111 1
340 122 1
340 123 1
340 124 1
340 129 1
340 131 1
340 132 1
340 133 1
340 134 1
340 135 1
340 143 1
340 144 1
340 156 1
340 160 1
340 174 1
340 175 1
340 179 1
340 188 1
340 189 1
340 191 1
340 192 1
340 193 1
340 194 1
340 196 1
340 197 1
340 204 1
340 208 1
340 209 1
340 212 1
340 216 1
340 223 1
340 237 1
340 238 1
340 240 1
340 248 1
340 251 1
340 255 1
340 257 1
340 262 1
340 274 1
340 276 1
340 282 1
340 286 1
340 287 1
340 288 1
340 289 1
340 294 1
340 297 1
340 298 1
340 301 1
340 319 1
340 320 1
340 326 1
340 327 1
340 367 1
340 378 1
340 381 1
340 382 1
340 408 1
340 412 1
340 421 1
340 423 1
340 427 1
340 433 1
340 461 1
340 483 1
340 487 1
340 496 1
340 499 1
340 508 1
340 517 1
340 518 1
340 523 1
340 531 1
340 535 1
340 544 1
340 547 1
340 558 1
340 574 1
340 581 1
340 584 1
340 591 1
340 606 1
340 607 1
340 654 1
340 655 1
340 656 1
340 657 1
340 663 1
340 692 1
340 699 1
340 723 1
340 724 1
340 727 1
340 732 1
340 746 1
340 756 1
340 762 1
340 764 1
340 772 1
340 789 1
340 792 1
340 813 1
340 818 1
340 844 1
340 846 1
340 866 1
340 873 1
340 875 1
340 928 1
340 950 1
340 965 1
340 975 1
341 1 2
341 4 1
341 7 2
341 8 1
341 9 2
341 10 1
341 11 1
341 12 2
341 20 1
341 23 1
341 25 2
341 26 1
341 28 1
341 38 1
341 42 1
341 44 1
341 47 1
341 48 1
341 50 3
341 52 1
341 53 1
341 55 1
341 56 2
341 57 1
341 58 1
341 62 1
341 63 1
341 65 1
341 66 1
341 67 1
341 68 1
341 69 2
341 76 1
341 77 1
341 79 2
341 81 1
341 82 1
341 83 1
341 86 1
341 87 1
341 90 1
341 97 1
341 98 2
341 100 3
341 117 2
341 118 1
341 121 2
341 124 1
341 127 2
341 132 1
341 134 1
341 135 2
341 137 1
341 143 1
341 144 1
341 147 1
341 152 1
341 153 1
341 155 1
341 156 1
341 159 1
341 163 1
341 164 1
341 168 2
341 169 1
341 174 2
341 176 2
341 177 1
341 179 1
341 180 1
341 186 1
341 187 1
341 188 1
341 189 1
341 193 1
341 194 1
341 196 1
341 197 1
341 199 1
341 200 1
341 208 1
341 211 1
341 214 1
341 223 1
341 228 1
341 229 1
341 231 1
341 234 1
341 235 1
341 236 1
341 237 2
341 241 1
341 250 1
341 257 1
341 265 1
341 269 2
341 275 1
341 276 2
341 277 1
341 283 1
341 288 2
341 297 1
341 302 2
341 303 1
341 306 1
341 318 2
341 324 1
341 333 1
341 334 1
341 357 2
341 358 1
341 371 1
341 375 1
341 382 1
341 385 1
341 405 2
341 408 1
341 410 1
341 423 2
341 427 1
341 429 1
341 435 1
341 449 1
341 461 1
341 462 1
341 463 1
341 471 1
341 473 1
341 474 1
341 475 1
341 476 1
341 483 1
341 498 1
341 499 1
341 508 1
341 510 1
341 515 1
341 521 1
341 523 1
341 527 1
341 528 1
341 530 1
341 536 1
341 546 1
341 555 1
341 559 1
341 561 1
341 568 1
341 569 1
341 581 1
341 582 1
341 606 1
341 614 1
341 631 1
341 642 1
341 654 1
341 655 1
341 657 1
341 660 1
341 684 1
341 702 1
341 703 1
341 708 1
341 712 1
341 724 1
341 727 1
341 729 1
341 739 1
341 744 1
341 747 1
341 778 1
341 786 1
341 792 1
341 823 1
341 919 1
341 921 1
341 930 1
341 931 1
341 943 1
341 950 1
341 951 1
341 961 1
341 980 1
342 1 1
342 4 1
342 5 1
342 8 1
342 9 1
342 11 1
342 12 1
342 13 1
342 14 1
342 22 1
342 25 1
342 26 1
342 39 1
342 45 1
342 58 1
342 70 1
342 71 1
342 73 1
342 79 1
342 86 1
342 87 1
342 88 1
342 89 1
342 95 1
342 96 1
342 97 1
342 98 1
342 111 1
342 118 1
342 119 1
342 121 1
342 122 1
342 124 1
342 125 1
342 127 1
342 129 1
342 132 1
342 137 1
342 151 1
342 169 1
342 172 1
342 174 1
342 176 1
342 181 2
342 183 1
342 190 1
342 191 1
342 195 1
342 196 1
342 198 1
342 202 1
342 203 1
342 204 1
342 208 1
342 210 1
342 216 1
342 222 1
342 228 1
342 235 1
342 237 1
342 244 1
342 245 1
342 246 1
342 248 1
342 251 1
342 255 1
342 268 1
342 269 1
342 272 1
342 273 1
342 275 1
342 276 1
342 278 1
342 280 1
342 281 1
342 283 1
342 284 1
342 285 1
342 286 1
342 288 1
342 291 1
342 295 1
342 297 1
342 298 1
342 301 1
342 303 1
342 304 1
342 311 1
342 313 1
342 315 1
342 316 1
342 322 1
342 357 1
342 367 1
342 385 1
342 405 1
342 421 1
342 433 1
342 451 1
342 459 1
342 462 1
342 471 1
342 472 1
342 476 1
342 477 1
342 478 1
342 479 1
342 486 1
342 487 1
342 494 1
342 508 1
342 509 1
342 511 1
342 516 1
342 535 1
342 537 1
342 559 1
342 562 1
342 568 1
342 597 1
342 619 1
342 647 1
342 660 1
342 663 1
342 678 1
342 684 1
342 694 1
342 696 1
342 707 1
342 708 1
342 709 1
342 713 1
342 716 1
342 742 1
342 751 1
342 764 1
342 815 1
342 844 1
342 845 1
342 864 1
342 926 1
342 928 1
342 955 1
342 972 1
343 1 2
343 4 1
343 5 1
343 9 1
343 11 1
343 15 1
343 25 1
343 26 1
343 28 1
343 33 1
343 43 1
343 44 1
343 48 1
343 49 1
343 50 2
343 51 1
343 56 2
343 64 2
343 65 1
343 66 1
343 69 1
343 71 1
343 77 1
343 79 1
343 81 1
343 87 1
343 88 1
343 93 1
343 98 2
343 100 2
343 111 1
343 117 1
343 118 1
343 124 1
343 125 1
343 126 1
343 131 1
343 132 1
343 137 1
343 143 1
343 148 1
343 151 1
343 170 1
343 172 1
343 173 1
343 174 2
343 191 1
343 196 1
343 197 1
343 202 1
343 204 1
343 216 1
343 220 1
343 221 1
343 223 1
343 226 1
343 235 1
343 237 2
343 239 1
343 241 1
343 245 1
343 246 1
343 251 1
343 255 1
343 262 1
343 268 1
343 269 1
343 272 1
343 278 1
343 280 1
343 282 1
343 283 1
343 284 1
343 285 1
343 287 1
343 288 2
343 289 1
343 291 1
343 293 1
343 294 1
343 295 1
343 297 1
343 298 1
343 300 1
343 301 1
343 302 1
343 303 1
343 305 1
343 311 1
343 312 1
343 313 2
343 315 1
343 317 1
343 323 1
343 332 1
343 333 1
343 356 1
343 365 1
343 367 1
343 378 1
343 381 1
343 382 1
343 387 1
343 402 1
343 403 1
343 405 1
343 416 1
343 433 1
343 443 1
343 451 1
343 461 1
343 464 1
343 471 1
343 473 1
343 476 1
343 479 1
343 481 1
343 485 1
343 498 1
343 508 1
343 518 1
343 534 1
343 535 1
343 550 1
343 559 1
343 566 1
343 568 1
343 582 1
343 588 1
343 620 1
343 639 1
343 651 1
343 655 1
343 660 1
343 676 1
343 696 1
343 702 1
343 708 1
343 709 1
343 715 1
343 716 1
343 722 1
343 732 1
343 736 1
343 737 1
343 738 1
343 739 1
343 742 1
343 744 1
343 747 1
343 748 1
343 772 1
343 781 1
343 845 1
343 846 1
343 866 1
343 879 1
343 886 1
343 903 1
343 919 1
343 949 1
343 955 1
343 956 1
343 972 1
343 988 1
344 2 1
344 3 1
344 4 1
344 7 1
344 11 1
344 12 1
344 17 1
344 22 1
344 29 1
344 31 1
344 33 1
344 38 1
344 53 1
344 54 1
344 55 1
344 56 1
344 62 1
344 64 1
344 67 1
344 72 1
344 76 1
344 77 1
344 83 1
344 91 1
344 92 1
344 94 1
344 97 1
344 98 1
344 100 2
344 117 1
344 120 1
344 121 1
344 127 1
344 128 1
344 132 1
344 133 1
344 134 1
344 141 1
344 143 1
344 144 1
344 147 1
344 153 1
344 156 1
344 157 1
344 158 1
344 161 1
344 167 1
344 168 1
344 172 1
344 173 1
344 174 1
344 176 1
344 181 1
344 183 1
344 184 1
344 186 1
344 187 1
344 188 1
344 203 1
344 204 1
344 210 1
344 211 1
344 213 1
344 215 1
344 216 1
344 218 1
344 219 1
344 232 1
344 234 1
344 237 1
344 241 1
344 245 1
344 250 1
344 259 1
344 265 1
344 273 1
344 276 1
344 288 1
344 291 1
344 293 1
344 294 1
344 300 1
344 302 1
344 318 1
344 322 1
344 325 1
344 333 1
344 358 1
344 363 1
344 366 1
344 369 1
344 375 1
344 385 1
344 391 1
344 392 1
344 403 1
344 405 1
344 415 1
344 423 1
344 431 1
344 455 1
344 470 1
344 496 1
344 518 1
344 520 1
344 541 1
344 546 1
344 549 1
344 561 1
344 569 1
344 571 1
344 572 1
344 576 1
344 578 1
344 582 1
344 616 1
344 636 1
344 642 1
344 657 1
344 669 1
344 673 1
344 684 1
344 685 1
344 708 1
344 712 1
344 727 1
344 732 1
344 739 1
344 743 1
344 746 1
344 748 1
344 780 1
344 785 1
344 802 1
344 809 1
344 831 1
344 842 1
344 879 1
344 932 1
344 944 1
344 951 1
344 959 1
344 977 1
345 1 2
345 7 2
345 12 1
345 15 1
345 17 1
345 22 1
345 24 1
345 25 1
345 28 1
345 31 1
345 50 2
345 55 1
345 56 2
345 68 1
345 70 1
345 73 1
345 76 1
345 77 1
345 79 1
345 82 1
345 85 1
345 87 1
345 91 1
345 96 1
345 97 1
345 99 1
345 100 2
345 117 1
345 118 1
345 125 1
345 127 2
345 132 1
345 137 1
345 144 1
345 151 1
345 156 1
345 157 1
345 158 1
345 159 1
345 163 1
345 164 1
345 168 1
345 172 1
345 173 1
345 174 2
345 176 1
345 177 1
345 181 2
345 182 1
345 183 1
345 187 1
345 188 1
345 192 1
345 195 1
345 200 1
345 203 1
345 204 1
345 208 1
345 215 1
345 222 2
345 226 1
345 227 1
345 233 1
345 235 1
345 239 1
345 240 1
345 245 1
345 246 1
345 252 1
345 257 1
345 258 2
345 268 1
345 271 1
345 273 1
345 276 1
345 280 1
345 286 2
345 288 2
345 290 1
345 293 1
345 294 2
345 298 1
345 300 2
345 317 1
345 318 1
345 323 1
345 324 1
345 328 1
345 333 1
345 356 1
345 369 1
345 371 1
345 385 1
345 386 1
345 392 1
345 403 1
345 404 1
345 405 1
345 410 1
345 416 1
345 423 1
345 432 1
345 435 1
345 460 1
345 462 1
345 465 1
345 468 1
345 470 1
345 472 1
345 475 1
345 501 1
345 508 1
345 544 1
345 550 1
345 568 1
345 588 1
345 595 1
345 597 1
345 609 1
345 655 1
345 660 1
345 685 1
345 686 1
345 689 1
345 692 1
345 699 1
345 721 1
345 735 1
345 742 1
345 756 1
345 763 1
345 806 1
345 819 1
345 820 1
345 827 1
345 829 1
345 831 1
345 841 1
345 871 1
345 879 1
345 928 1
345 930 1
345 943 1
345 959 1
345 977 1
345 982 1
346 1 2
346 7 2
346 15 1
346 25 2
346 100 2
346 107 1
346 111 1
346 118 1
346 121 2
346 126 1
346 147 1
346 225 1
346 240 1
346 276 1
346 288 2
346 294 2
346 323 1
346 368 1
346 370 1
346 409 1
346 411 1
346 412 1
346 472 1
346 473 1
346 476 1
346 546 1
346 628 1
346 742 1
346 819 1
346 831 1
346 834 1
346 924 1
346 926 1
346 928 1
346 974 1
346 975 1
346 988 1
347 9 1
347 10 1
347 118 1
347 121 2
347 125 1
347 126 1
347 237 1
347 325 1
347 370 1
347 412 1
347 455 1
347 458 1
347 471 1
347 475 1
347 596 1
347 744 1
347 847 1
348 1 2
348 23 1
348 89 2
348 98 2
348 132 1
348 133 1
348 136 1
348 168 2
348 172 2
348 176 2
348 183 2
348 193 1
348 195 2
348 204 2
348 210 2
348 214 1
348 228 1
348 265 1
348 271 1
348 324 1
348 340 1
348 435 1
348 479 1
348 480 1
348 483 2
348 489 1
348 530 1
348 589 1
348 604 1
348 616 1
348 654 1
348 657 1
349 288 2
349 289 1
349 292 1
349 300 2
349 301 1
349 310 1
349 312 1
349 313 2
349 326 1
349 327 1
349 332 1
349 341 1
349 343 1
349 359 1
349 538 1
349 748 1
349 750 1
349 754 1
349 873 1
349 879 1
349 880 1
349 882 1
349 888 1
349 984 1
349 989 1
349 990 1
350 4 1
350 7 2
350 12 1
350 17 1
350 39 1
350 55 1
350 56 2
350 79 2
350 86 1
350 89 2
350 92 1
350 96 1
350 98 2
350 129 1
350 144 1
350 156 1
350 173 1
350 182 1
350 194 1
350 195 2
350 216 2
350 228 1
350 234 1
350 302 1
350 385 1
350 568 1
350 657 1
350 692 1
351 245 1
351 260 1
351 271 1
351 272 1
351 300 1
351 315 1
351 326 1
351 327 1
351 328 1
351 332 1
351 333 1
351 343 1
351 905 1
352 7 2
352 9 1
352 14 1
352 19 1
352 20 1
352 25 1
352 32 1
352 42 1
352 47 1
352 50 2
352 52 1
352 57 1
352 58 1
352 59 1
352 60 1
352 61 1
352 66 1
352 70 1
352 79 1
352 81 1
352 83 1
352 86 1
352 87 1
352 88 1
352 93 1
352 100 2
352 109 1
352 116 1
352 124 1
352 131 1
352 133 1
352 134 1
352 135 1
352 136 1
352 137 1
352 143 1
352 149 1
352 151 1
352 152 1
352 153 1
352 154 1
352 155 1
352 162 1
352 166 1
352 168 1
352 169 1
352 171 1
352 173 1
352 174 1
352 175 1
352 180 1
352 186 1
352 189 1
352 190 1
352 191 1
352 193 1
352 197 1
352 199 1
352 202 1
352 208 1
352 209 1
352 211 1
352 213 1
352 216 1
352 238 1
352 242 1
352 246 1
352 248 1
352 251 1
352 255 1
352 257 1
352 258 2
352 268 1
352 269 1
352 270 1
352 272 1
352 275 1
352 276 1
352 281 1
352 286 2
352 287 1
352 297 1
352 303 1
352 305 1
352 306 1
352 308 1
352 311 1
352 313 2
352 318 1
352 344 1
352 381 1
352 382 1
352 387 1
352 414 1
352 421 1
352 423 1
352 428 1
352 429 1
352 435 1
352 462 1
352 463 1
352 464 1
352 473 1
352 478 1
352 479 1
352 480 1
352 483 1
352 485 1
352 487 1
352 489 1
352 494 1
352 496 1
352 497 1
352 498 1
352 507 1
352 508 1
352 509 1
352 511 1
352 513 1
352 515 1
352 516 1
352 518 1
352 520 1
352 529 1
352 531 1
352 533 1
352 558 1
352 582 1
352 584 1
352 603 1
352 604 1
352 605 1
352 606 1
352 607 1
352 629 1
352 631 1
352 638 1
352 650 1
352 651 1
352 652 1
352 657 1
352 659 1
352 660 1
352 661 1
352 692 1
352 694 1
352 699 1
352 702 1
352 705 1
352 707 1
352 709 1
352 716 1
352 732 1
352 733 1
352 735 1
352 736 1
352 737 1
352 740 1
352 753 1
352 792 1
352 811 1
352 847 1
352 855 1
352 863 1
352 865 1
352 882 1
352 889 1
352 900 1
352 904 1
352 929 1
352 953 1
352 956 1
352 958 1
352 962 1
353 242 1
353 264 1
353 288 2
353 300 2
353 328 1
353 329 1
353 360 1
353 681 1
353 882 1
354 272 1
354 292 1
354 313 1
354 316 1
354 326 1
354 328 1
354 333 1
354 689 1
354 748 1
355 1 2
355 7 2
355 10 1
355 24 1
355 105 1
355 117 2
355 118 2
355 123 1
355 125 1
355 126 1
355 147 1
355 150 1
355 151 2
355 220 1
355 222 2
355 245 1
355 258 3
355 270 1
355 273 1
355 274 1
355 275 1
355 280 1
355 284 1
355 291 1
355 322 1
355 326 1
355 334 1
355 405 2
355 407 1
355 411 1
355 455 1
355 456 1
355 471 1
355 472 1
355 473 1
355 476 1
355 546 1
355 595 1
355 687 1
355 713 1
355 742 2
355 744 1
355 760 1
355 819 1
355 820 1
355 831 1
355 833 1
355 866 1
355 932 1
355 977 1
355 984 1
356 8 1
356 65 1
356 127 1
356 132 1
356 174 1
356 179 1
356 213 1
356 268 1
356 318 1
356 324 1
356 357 1
356 511 1
356 582 1
356 584 1
356 638 1
356 639 1
356 643 1
356 855 1
356 896 1
357 7 2
357 117 1
357 118 1
357 181 2
357 250 1
357 268 1
357 270 1
357 298 1
357 313 2
357 323 1
357 405 1
357 472 1
357 748 1
357 751 1
357 831 1
358 1 2
358 10 1
358 13 1
358 14 1
358 25 2
358 28 1
358 45 1
358 50 2
358 64 2
358 79 2
358 100 2
358 116 1
358 124 1
358 127 2
358 134 1
358 157 1
358 165 1
358 166 1
358 170 1
358 174 2
358 181 2
358 187 1
358 191 1
358 194 1
358 195 2
358 197 1
358 205 1
358 207 1
358 210 1
358 222 2
358 237 2
358 238 1
358 242 1
358 251 1
358 269 2
358 271 1
358 275 1
358 283 1
358 284 1
358 286 2
358 297 1
358 302 1
358 304 1
358 306 1
358 308 1
358 309 1
358 321 1
358 326 1
358 328 1
358 357 1
358 423 1
358 479 1
358 483 1
358 496 1
358 511 1
358 521 1
358 523 1
358 531 1
358 582 1
358 588 1
358 654 1
358 661 1
358 735 1
358 744 1
358 748 1
358 845 1
358 933 1
358 936 1
358 963 1
359 12 1
359 14 1
359 23 1
359 26 1
359 49 1
359 53 1
359 55 1
359 56 2
359 59 1
359 60 1
359 66 1
359 70 1
359 79 2
359 83 1
359 88 1
359 90 1
359 97 1
359 98 2
359 100 2
359 111 1
359 129 1
359 148 1
359 150 1
359 156 1
359 165 1
359 166 1
359 168 1
359 170 1
359 173 1
359 176 1
359 178 1
359 183 1
359 185 1
359 186 1
359 190 1
359 197 1
359 203 1
359 204 1
359 207 1
359 212 1
359 213 1
359 218 1
359 222 2
359 228 1
359 234 1
359 237 2
359 238 1
359 258 2
359 269 2
359 273 1
359 274 1
359 276 1
359 286 2
359 333 1
359 340 1
359 387 1
359 421 1
359 430 1
359 435 1
359 451 1
359 466 1
359 475 1
359 498 1
359 502 1
359 504 1
359 514 1
359 517 1
359 524 1
359 525 1
359 531 1
359 639 1
359 652 1
359 654 1
359 655 1
359 657 1
359 659 1
359 673 1
359 684 1
359 694 1
359 707 1
359 709 1
359 727 1
359 737 1
359 739 1
359 742 1
359 762 1
359 770 1
359 794 1
359 934 1
359 949 1
360 245 1
360 268 1
360 302 1
360 312 1
360 313 1
360 323 1
360 333 1
360 336 1
360 689 1
361 1 1
361 2 1
361 4 1
361 5 1
361 7 1
361 9 1
361 11 1
361 22 1
361 29 1
361 32 1
361 37 1
361 38 1
361 44 1
361 47 1
361 50 2
361 54 1
361 55 1
361 56 1
361 58 1
361 62 1
361 65 1
361 66 1
361 67 1
361 68 1
361 69 1
361 70 1
361 71 1
361 72 1
361 73 1
361 79 1
361 81 1
361 82 1
361 87 1
361 88 1
361 89 1
361 90 1
361 91 1
361 93 1
361 95 1
361 96 1
361 97 1
361 98 1
361 101 1
361 102 1
361 114 1
361 117 1
361 120 1
361 121 1
361 128 1
361 134 1
361 137 1
361 143 1
361 144 1
361 145 1
361 151 1
361 152 1
361 154 1
361 155 1
361 156 1
361 159 1
361 161 1
361 164 1
361 169 1
361 172 1
361 173 1
361 174 1
361 179 1
361 182 1
361 183 1
361 184 1
361 185 1
361 186 1
361 187 1
361 188 1
361 189 1
361 193 1
361 195 1
361 196 1
361 200 1
361 201 1
361 204 1
361 206 1
361 208 1
361 210 1
361 212 1
361 215 1
361 216 1
361 218 1
361 222 1
361 226 1
361 227 1
361 228 1
361 229 1
361 231 1
361 234 1
361 235 1
361 237 1
361 248 1
361 250 1
361 258 2
361 265 1
361 270 1
361 271 1
361 282 1
361 283 1
361 284 1
361 288 1
361 290 1
361 293 1
361 307 1
361 315 1
361 316 1
361 317 1
361 322 1
361 325 1
361 328 1
361 336 1
361 346 1
361 347 1
361 350 1
361 351 1
361 366 1
361 370 1
361 380 1
361 387 1
361 391 1
361 393 1
361 402 1
361 403 1
361 405 1
361 408 1
361 417 1
361 423 1
361 426 1
361 428 1
361 431 1
361 433 1
361 435 1
361 443 1
361 444 1
361 448 1
361 449 1
361 451 1
361 461 1
361 469 1
361 472 1
361 473 1
361 474 1
361 505 1
361 506 1
361 511 1
361 518 1
361 523 1
361 531 1
361 546 1
361 550 1
361 552 1
361 554 1
361 555 1
361 557 1
361 559 1
361 561 1
361 566 1
361 568 1
361 569 1
361 571 1
361 572 1
361 575 1
361 578 1
361 588 1
361 590 1
361 597 1
361 603 1
361 616 1
361 625 1
361 631 1
361 640 1
361 650 1
361 651 1
361 653 1
361 657 1
361 658 1
361 660 1
361 665 1
361 673 1
361 675 1
361 678 1
361 679 1
361 682 1
361 685 1
361 691 1
361 698 1
361 699 1
361 707 1
361 709 1
361 710 1
361 719 1
361 735 1
361 741 1
361 742 1
361 746 1
361 747 1
361 752 1
361 760 1
361 761 1
361 767 1
361 774 1
361 778 1
361 792 1
361 802 1
361 805 1
361 809 1
361 816 1
361 825 1
361 831 1
361 849 1
361 854 1
361 859 1
361 895 1
361 906 1
361 919 1
361 933 1
361 940 1
361 946 1
361 959 1
361 979 1
362 289 1
362 302 1
362 321 1
362 875 1
362 948 1
362 988 1
363 1 1
363 7 1
363 15 1
363 25 1
363 100 1
363 109 1
363 124 1
363 125 1
363 137 1
363 150 1
363 222 1
363 235 1
363 258 2
363 268 1
363 271 1
363 272 1
363 275 1
363 276 1
363 277 1
363 287 1
363 288 1
363 289 1
363 294 1
363 301 1
363 309 1
363 315 1
363 316 1
363 321 1
363 340 1
363 352 1
363 473 1
363 591 1
363 742 1
363 762 1
363 813 1
363 894 1
363 895 1
363 908 1
364 53 1
364 56 2
364 98 2
364 184 1
364 200 1
364 201 1
364 217 1
364 219 1
364 234 2
364 443 1
364 445 1
364 559 1
364 573 1
364 671 1
364 672 1
364 853 1
364 860 1
365 7 2
365 17 1
365 50 2
365 53 1
365 98 2
365 100 2
365 145 1
365 164 1
365 176 1
365 183 1
365 184 1
365 200 1
365 201 1
365 218 1
365 234 1
365 250 1
365 258 2
365 288 2
365 302 1
365 324 1
365 326 1
365 333 1
365 334 1
365 379 1
365 406 1
365 413 1
365 436 1
365 443 1
365 448 1
365 452 1
365 551 1
365 563 1
365 564 1
365 665 1
365 670 1
365 672 1
365 760 1
365 769 1
365 774 1
365 800 1
365 919 1
366 11 1
366 17 1
366 56 1
366 89 1
366 96 1
366 98 1
366 100 1
366 127 1
366 183 1
366 184 1
366 201 1
366 217 1
366 218 1
366 219 1
366 234 1
366 292 1
366 313 1
366 320 1
366 379 1
366 396 1
366 567 1
366 672 1
366 774 1
366 777 1
367 50 2
367 114 1
367 168 1
367 172 1
367 181 2
367 271 1
367 316 1
367 358 1
367 751 1
367 988 1
368 12 1
368 22 1
368 31 1
368 50 1
368 52 1
368 64 1
368 98 1
368 100 1
368 107 1
368 114 1
368 116 1
368 135 1
368 136 1
368 153 1
368 172 1
368 174 1
368 175 1
368 176 1
368 181 1
368 193 1
368 195 1
368 199 1
368 209 1
368 210 1
368 238 1
368 257 1
368 265 1
368 269 1
368 285 1
368 322 1
368 423 1
368 425 1
368 433 1
368 435 1
368 443 1
368 480 1
368 484 1
368 493 1
368 494 1
368 497 1
368 514 1
368 525 1
368 603 1
368 604 1
368 607 1
368 608 1
368 613 1
368 631 1
368 657 1
368 659 1
368 661 1
368 678 1
368 705 1
368 923 1
369 1 2
369 22 1
369 55 1
369 64 1
369 69 1
369 77 1
369 79 1
369 97 1
369 98 2
369 174 2
369 177 1
369 179 1
369 180 1
369 181 2
369 185 1
369 186 1
369 194 1
369 197 1
369 210 1
369 234 1
369 265 1
369 357 1
369 393 1
369 423 1
369 435 1
369 443 1
369 449 1
369 452 1
369 504 1
369 527 1
369 655 1
369 663 1
369 746 1
370 5 1
370 23 1
370 44 1
370 56 2
370 79 2
370 129 1
370 159 1
370 164 1
370 176 2
370 183 1
370 185 1
370 200 1
370 201 1
370 218 1
370 262 1
370 286 2
370 288 2
370 299 1
370 325 1
370 327 1
370 333 1
370 436 1
370 441 1
370 443 1
370 447 1
370 448 1
370 452 1
370 547 1
370 559 1
370 561 1
370 574 1
370 581 1
370 595 1
370 628 1
370 635 1
370 637 1
370 672 1
370 674 1
370 678 1
370 696 1
370 874 1
370 875 1
371 2 1
371 4 1
371 12 1
371 15 2
371 20 1
371 22 1
371 24 1
371 25 2
371 31 1
371 48 1
371 50 3
371 58 1
371 64 2
371 66 1
371 68 1
371 70 1
371 80 1
371 81 1
371 82 1
371 83 1
371 89 2
371 90 1
371 94 1
371 95 1
371 96 1
371 97 1
371 99 1
371 100 2
371 102 1
371 105 1
371 110 1
371 114 1
371 117 2
371 127 2
371 132 1
371 136 1
371 139 1
371 142 1
371 143 1
371 144 1
371 150 1
371 151 1
371 154 1
371 155 1
371 156 1
371 161 1
371 162 1
371 163 1
371 165 1
371 166 1
371 169 1
371 172 2
371 173 2
371 175 1
371 177 1
371 179 1
371 180 1
371 181 2
371 184 1
371 189 1
371 194 1
371 195 2
371 196 1
371 197 1
371 202 1
371 204 1
371 206 1
371 208 1
371 209 1
371 210 2
371 211 1
371 213 1
371 214 1
371 215 1
371 217 1
371 225 1
371 226 1
371 228 1
371 230 1
371 232 1
371 239 1
371 241 1
371 259 1
371 269 2
371 275 1
371 278 1
371 281 1
371 286 2
371 290 1
371 318 2
371 357 1
371 366 1
371 378 1
371 380 1
371 382 1
371 385 1
371 386 1
371 389 1
371 390 1
371 392 1
371 393 1
371 399 1
371 401 1
371 402 1
371 403 1
371 404 1
371 409 1
371 414 1
371 417 1
371 418 1
371 420 1
371 421 1
371 423 1
371 427 1
371 431 1
371 433 1
371 435 1
371 451 1
371 472 1
371 474 1
371 480 1
371 485 1
371 487 1
371 488 1
371 494 1
371 496 1
371 497 1
371 499 1
371 506 1
371 510 1
371 520 1
371 527 1
371 550 1
371 553 1
371 559 1
371 566 1
371 568 1
371 571 1
371 577 1
371 588 1
371 596 1
371 598 1
371 603 1
371 627 1
371 633 1
371 645 1
371 648 1
371 649 1
371 651 1
371 655 1
371 658 1
371 660 1
371 679 1
371 694 1
371 699 1
371 704 1
371 705 1
371 709 1
371 715 1
371 724 1
371 727 1
371 729 1
371 732 1
371 746 1
371 747 1
371 748 1
371 756 1
371 778 1
371 828 1
371 842 1
371 843 1
371 849 1
371 941 1
371 946 1
371 949 1
372 1 2
372 2 1
372 5 1
372 7 2
372 9 1
372 11 1
372 15 1
372 17 1
372 23 1
372 24 1
372 28 1
372 29 1
372 39 1
372 48 1
372 50 3
372 56 2
372 64 2
372 66 1
372 68 1
372 69 1
372 70 1
372 71 1
372 77 1
372 89 2
372 95 1
372 97 1
372 98 2
372 100 2
372 106 1
372 111 1
372 116 1
372 118 1
372 120 1
372 121 2
372 122 1
372 123 1
372 124 1
372 125 1
372 126 1
372 127 2
372 129 1
372 135 1
372 143 1
372 144 1
372 147 1
372 148 1
372 150 1
372 151 1
372 156 1
372 159 1
372 161 1
372 162 1
372 168 1
372 172 1
372 173 1
372 174 2
372 176 1
372 185 1
372 186 1
372 192 1
372 195 2
372 197 1
372 200 1
372 202 1
372 204 1
372 210 1
372 216 1
372 218 1
372 222 2
372 223 1
372 225 1
372 226 1
372 228 1
372 229 1
372 230 1
372 231 1
372 233 1
372 234 1
372 235 1
372 237 2
372 240 1
372 247 1
372 248 1
372 252 1
372 254 1
372 257 1
372 265 1
372 279 1
372 280 1
372 282 1
372 284 1
372 289 1
372 291 1
372 310 1
372 322 1
372 323 1
372 356 1
372 363 1
372 369 1
372 385 1
372 393 1
372 403 1
372 405 2
372 412 1
372 423 1
372 424 1
372 427 1
372 449 1
372 450 1
372 454 1
372 458 1
372 463 1
372 465 1
372 466 1
372 467 1
372 468 1
372 475 1
372 476 1
372 483 1
372 521 1
372 527 1
372 540 1
372 544 1
372 550 1
372 552 1
372 554 1
372 558 1
372 566 1
372 568 1
372 572 1
372 576 1
372 581 1
372 591 1
372 619 1
372 620 1
372 628 1
372 637 1
372 642 1
372 651 1
372 665 1
372 685 1
372 692 1
372 696 1
372 717 1
372 741 1
372 742 1
372 743 1
372 756 1
372 758 1
372 761 1
372 762 1
372 763 1
372 770 1
372 789 1
372 815 1
372 819 1
372 820 1
372 824 1
372 832 1
372 844 1
372 845 1
372 846 1
372 872 1
372 880 1
372 924 1
372 928 1
372 930 1
372 931 1
372 932 1
372 934 1
372 948 1
372 952 1
372 974 1
372 975 1
372 977 1
372 978 1
372 979 1
372 986 1
373 5 1
373 39 1
373 77 1
373 176 1
373 183 1
373 185 1
373 218 1
373 233 1
373 288 1
373 300 1
373 443 1
373 583 1
373 684 1
373 761 1
374 11 1
374 14 1
374 98 2
374 154 1
374 181 2
374 197 1
374 198 1
374 223 1
374 237 1
374 246 1
374 268 1
374 274 1
374 275 1
374 289 1
374 301 1
374 603 1
374 762 1
375 56 2
375 98 2
375 100 2
375 164 1
375 168 1
375 173 1
375 194 1
375 219 1
375 234 1
375 258 2
375 268 1
375 288 2
375 313 2
375 316 1
375 323 1
375 354 1
375 443 1
375 508 1
375 895 1
376 1 2
376 2 1
376 4 1
376 5 1
376 7 2
376 8 1
376 9 1
376 10 1
376 11 1
376 12 1
376 13 1
376 14 1
376 15 1
376 21 1
376 22 1
376 28 1
376 29 1
376 31 1
376 40 1
376 42 1
376 43 1
376 48 1
376 49 1
376 50 2
376 52 1
376 53 1
376 54 1
376 58 1
376 59 1
376 62 1
376 63 1
376 65 1
376 66 1
376 68 1
376 70 1
376 73 1
376 77 1
376 79 1
376 86 1
376 87 1
376 88 1
376 89 1
376 91 1
376 94 1
376 95 1
376 99 1
376 100 2
376 106 1
376 110 1
376 111 1
376 117 1
376 121 1
376 123 1
376 125 1
376 126 1
376 132 1
376 133 1
376 135 1
376 141 1
376 143 1
376 144 1
376 148 1
376 151 1
376 153 1
376 155 1
376 157 1
376 159 1
376 161 1
376 162 1
376 167 1
376 172 1
376 173 1
376 174 2
376 175 1
376 176 1
376 179 1
376 180 1
376 181 2
376 182 1
376 186 1
376 191 1
376 194 1
376 195 1
376 196 1
376 197 1
376 200 1
376 202 1
376 203 1
376 207 1
376 210 1
376 213 1
376 215 1
376 217 1
376 218 1
376 220 1
376 222 1
376 223 1
376 226 1
376 227 1
376 230 1
376 233 1
376 234 1
376 235 1
376 237 1
376 239 1
376 241 1
376 245 1
376 248 1
376 252 1
376 254 1
376 255 1
376 257 1
376 258 2
376 269 1
376 272 1
376 273 1
376 274 1
376 275 1
376 276 1
376 277 1
376 280 1
376 281 1
376 282 1
376 283 1
376 284 1
376 285 1
376 286 2
376 288 1
376 289 1
376 294 1
376 295 1
376 298 1
376 300 1
376 301 1
376 302 1
376 304 1
376 317 1
376 318 1
376 319 1
376 321 1
376 326 1
376 328 1
376 356 1
376 365 1
376 367 1
376 380 1
376 381 1
376 382 1
376 385 1
376 386 1
376 387 1
376 392 1
376 393 1
376 396 1
376 401 1
376 403 1
376 404 1
376 405 1
376 409 1
376 410 1
376 411 1
376 417 1
376 418 1
376 419 1
376 420 1
376 423 1
376 432 1
376 435 1
376 447 1
376 449 1
376 450 1
376 451 1
376 458 1
376 465 1
376 469 1
376 471 1
376 476 1
376 479 1
376 482 1
376 485 1
376 496 1
376 500 1
376 501 1
376 508 1
376 509 1
376 517 1
376 527 1
376 528 1
376 542 1
376 546 1
376 549 1
376 554 1
376 559 1
376 566 1
376 568 1
376 572 1
376 575 1
376 576 1
376 582 1
376 591 1
376 596 1
376 597 1
376 619 1
376 620 1
376 623 1
376 629 1
376 631 1
376 632 1
376 635 1
376 636 1
376 651 1
376 655 1
376 663 1
376 665 1
376 674 1
376 686 1
376 692 1
376 693 1
376 694 1
376 702 1
376 703 1
376 707 1
376 708 1
376 709 1
376 715 1
376 716 1
376 720 1
376 722 1
376 724 1
376 727 1
376 729 1
376 731 1
376 732 1
376 734 1
376 736 1
376 742 1
376 744 1
376 747 1
376 755 1
376 756 1
376 762 1
376 768 1
376 778 1
376 780 1
376 787 1
376 792 1
376 793 1
376 796 1
376 806 1
376 807 1
376 845 1
376 866 1
376 875 1
376 896 1
376 918 1
376 921 1
376 924 1
376 926 1
376 928 1
376 930 1
376 939 1
376 942 1
376 951 1
376 959 1
376 961 1
376 969 1
376 972 1
376 977 1
376 979 1
377 1 2
377 2 1
377 4 1
377 8 2
377 9 2
377 12 2
377 23 1
377 50 3
377 52 1
377 54 1
377 56 2
377 62 1
377 63 1
377 64 2
377 69 2
377 79 2
377 82 2
377 83 1
377 88 1
377 89 2
377 90 1
377 93 1
377 96 2
377 98 2
377 100 3
377 116 1
377 124 2
377 131 1
377 133 1
377 135 2
377 141 1
377 144 2
377 152 1
377 153 2
377 157 1
377 158 1
377 161 2
377 163 1
377 164 1
377 168 2
377 172 2
377 173 2
377 176 2
377 177 1
377 178 1
377 179 1
377 183 2
377 186 2
377 188 1
377 191 2
377 192 1
377 193 1
377 194 2
377 195 2
377 196 2
377 200 1
377 202 2
377 203 1
377 204 2
377 205 1
377 208 1
377 210 2
377 211 2
377 216 2
377 219 1
377 227 1
377 230 2
377 233 1
377 238 2
377 239 1
377 257 2
377 270 1
377 271 1
377 284 1
377 285 1
377 294 2
377 300 2
377 306 1
377 310 1
377 331 1
377 339 1
377 357 2
377 372 1
377 381 1
377 383 1
377 385 2
377 391 1
377 393 1
377 395 1
377 401 1
377 402 1
377 405 2
377 414 1
377 417 1
377 419 1
377 427 2
377 428 1
377 434 1
377 436 1
377 443 1
377 447 1
377 448 1
377 451 1
377 452 1
377 461 1
377 480 1
377 496 2
377 504 1
377 511 2
377 514 2
377 516 1
377 517 1
377 520 1
377 522 1
377 523 1
377 527 2
377 528 1
377 529 1
377 530 1
377 554 1
377 559 1
377 563 1
377 566 1
377 568 2
377 575 1
377 576 1
377 603 2
377 616 1
377 622 1
377 636 1
377 637 1
377 644 1
377 649 1
377 651 2
377 655 2
377 659 1
377 674 1
377 684 1
377 686 1
377 701 1
377 704 1
377 705 1
377 710 1
377 712 1
377 729 1
377 732 1
377 735 1
377 736 1
377 746 1
377 842 1
377 855 1
378 1 1
378 7 1
378 12 1
378 22 1
378 28 1
378 31 1
378 38 1
378 58 1
378 59 1
378 60 1
378 61 1
378 62 1
378 64 1
378 69 1
378 71 1
378 81 1
378 95 1
378 98 1
378 100 2
378 109 1
378 114 1
378 118 1
378 121 1
378 132 1
378 134 1
378 139 1
378 152 1
378 154 1
378 161 1
378 163 1
378 168 1
378 170 1
378 172 1
378 176 1
378 177 1
378 180 1
378 181 1
378 183 1
378 185 1
378 186 1
378 190 1
378 194 1
378 197 1
378 208 1
378 213 1
378 215 1
378 217 1
378 222 1
378 228 1
378 229 1
378 238 1
378 241 1
378 258 2
378 265 1
378 270 1
378 306 1
378 313 1
378 315 1
378 340 1
378 356 1
378 357 1
378 382 1
378 414 1
378 416 1
378 419 1
378 423 1
378 425 1
378 427 1
378 428 1
378 435 1
378 443 1
378 449 1
378 462 1
378 463 1
378 465 1
378 474 1
378 479 1
378 483 1
378 502 1
378 506 1
378 512 1
378 515 1
378 518 1
378 521 1
378 527 1
378 529 1
378 530 1
378 549 1
378 561 1
378 566 1
378 570 1
378 573 1
378 582 1
378 587 1
378 614 1
378 629 1
378 630 1
378 631 1
378 651 1
378 652 1
378 654 1
378 663 1
378 664 1
378 665 1
378 670 1
378 684 1
378 699 1
378 708 1
378 712 1
378 729 1
378 732 1
378 736 1
378 744 1
378 750 1
378 751 1
378 753 1
378 770 1
378 856 1
378 923 1
378 956 1
378 959 1
379 1 2
379 13 1
379 14 1
379 15 1
379 16 1
379 20 1
379 30 1
379 50 2
379 59 1
379 77 1
379 79 1
379 83 1
379 89 1
379 94 1
379 95 1
379 97 1
379 99 1
379 100 2
379 102 1
379 121 2
379 129 1
379 132 1
379 133 1
379 134 1
379 135 1
379 139 1
379 150 1
379 151 1
379 175 1
379 178 1
379 191 1
379 212 1
379 214 1
379 216 1
379 217 1
379 228 1
379 259 1
379 276 1
379 281 1
379 294 1
379 303 1
379 304 1
379 318 1
379 344 1
379 378 1
379 418 1
379 443 1
379 459 1
379 462 1
379 473 1
379 479 1
379 485 1
379 487 1
379 493 1
379 495 1
379 498 1
379 501 1
379 509 1
379 517 1
379 525 1
379 526 1
379 529 1
379 582 1
379 607 1
379 631 1
379 634 1
379 640 1
379 647 1
379 652 1
379 656 1
379 657 1
379 660 1
379 673 1
379 682 1
379 693 1
379 705 1
379 724 1
379 742 1
379 771 1
379 778 1
379 855 1
379 887 1
379 898 1
379 914 1
379 931 1
379 934 1
379 961 1
379 995 1
380 7 1
380 9 1
380 23 1
380 50 2
380 56 1
380 98 1
380 100 2
380 122 1
380 127 1
380 134 1
380 135 1
380 137 1
380 150 1
380 171 1
380 177 1
380 180 1
380 183 1
380 258 2
380 276 1
380 290 1
380 332 1
380 475 1
380 481 1
380 482 1
380 507 1
380 508 1
380 531 1
380 717 1
381 14 2
381 19 1
381 58 1
381 81 1
381 86 1
381 89 2
381 100 3
381 134 2
381 135 2
381 137 2
381 180 2
381 193 1
381 197 2
381 203 2
381 205 1
381 223 1
381 237 2
381 238 2
381 268 2
381 272 2
381 285 2
381 302 2
381 315 1
381 319 2
381 321 2
381 345 1
381 357 2
381 425 1
381 427 2
381 435 2
381 464 1
381 474 2
381 475 2
381 478 1
381 479 2
381 480 2
381 483 2
381 484 1
381 496 2
381 505 1
381 514 2
381 531 1
381 603 2
381 639 1
381 641 1
381 657 1
382 272 1
382 289 1
382 302 1
382 316 1
382 327 1
382 343 1
382 355 1
382 751 1
382 989 1
383 4 1
383 8 1
383 12 1
383 18 1
383 24 1
383 29 1
383 32 1
383 37 1
383 42 1
383 47 1
383 48 1
383 50 2
383 53 1
383 56 1
383 58 1
383 59 1
383 61 1
383 79 1
383 81 1
383 82 1
383 87 1
383 89 1
383 93 1
383 98 1
383 99 1
383 111 1
383 114 1
383 122 1
383 127 1
383 128 1
383 129 1
383 131 1
383 133 1
383 134 1
383 135 1
383 136 1
383 143 1
383 144 1
383 145 1
383 151 1
383 152 1
383 153 1
383 168 1
383 169 1
383 171 1
383 172 1
383 173 1
383 174 1
383 175 1
383 177 1
383 180 1
383 181 1
383 183 1
383 186 1
383 187 1
383 189 1
383 191 1
383 192 1
383 194 1
383 195 1
383 199 1
383 200 1
383 207 1
383 208 1
383 209 1
383 211 1
383 216 1
383 217 1
383 218 1
383 219 1
383 221 1
383 224 1
383 235 1
383 236 1
383 238 1
383 249 1
383 250 1
383 253 1
383 254 1
383 256 1
383 257 1
383 262 1
383 273 1
383 276 1
383 283 1
383 285 1
383 286 1
383 290 1
383 293 1
383 304 1
383 305 1
383 318 1
383 320 1
383 325 1
383 337 1
383 340 1
383 346 1
383 347 1
383 367 1
383 383 1
383 385 1
383 403 1
383 405 1
383 408 1
383 417 1
383 419 1
383 423 1
383 425 1
383 427 1
383 428 1
383 429 1
383 430 1
383 433 1
383 435 1
383 443 1
383 447 1
383 451 1
383 455 1
383 458 1
383 461 1
383 462 1
383 473 1
383 474 1
383 479 1
383 480 1
383 482 1
383 483 1
383 485 1
383 486 1
383 487 1
383 489 1
383 492 1
383 496 1
383 498 1
383 500 1
383 502 1
383 503 1
383 506 1
383 507 1
383 508 1
383 511 1
383 512 1
383 520 1
383 521 1
383 523 1
383 524 1
383 525 1
383 526 1
383 529 1
383 557 1
383 603 1
383 604 1
383 606 1
383 616 1
383 631 1
383 650 1
383 652 1
383 653 1
383 654 1
383 657 1
383 658 1
383 659 1
383 661 1
383 663 1
383 664 1
383 673 1
383 674 1
383 675 1
383 705 1
383 719 1
383 727 1
383 732 1
383 739 1
383 745 1
383 794 1
383 851 1
383 855 1
383 865 1
383 871 1
383 896 1
383 900 1
383 919 1
383 922 1
383 940 1
383 942 1
383 945 1
383 959 1
383 961 1
383 965 1
384 24 1
384 50 2
384 121 1
384 222 1
384 273 1
384 455 1
384 685 1
384 825 1
384 833 1
384 840 1
385 2 1
385 4 1
385 7 1
385 8 1
385 10 1
385 11 1
385 13 1
385 20 1
385 22 1
385 23 1
385 24 1
385 27 1
385 31 1
385 32 1
385 33 1
385 39 1
385 47 1
385 48 1
385 50 2
385 52 1
385 55 1
385 56 1
385 58 1
385 61 1
385 62 1
385 64 1
385 68 1
385 71 1
385 76 1
385 79 1
385 81 1
385 82 1
385 83 1
385 89 1
385 91 1
385 92 1
385 93 1
385 96 1
385 97 1
385 98 1
385 99 1
385 101 1
385 102 1
385 113 1
385 114 1
385 116 1
385 117 1
385 121 1
385 123 1
385 127 1
385 129 1
385 133 1
385 135 1
385 136 1
385 144 1
385 147 1
385 151 1
385 152 1
385 156 1
385 161 1
385 168 1
385 169 1
385 176 1
385 180 1
385 181 1
385 182 1
385 183 1
385 184 1
385 186 1
385 187 1
385 189 1
385 190 1
385 192 1
385 193 1
385 194 1
385 195 1
385 196 1
385 197 1
385 198 1
385 200 1
385 201 1
385 202 1
385 203 1
385 205 1
385 206 1
385 208 1
385 209 1
385 210 1
385 211 1
385 215 1
385 217 1
385 218 1
385 219 1
385 222 1
385 223 1
385 224 1
385 226 1
385 228 1
385 229 1
385 230 1
385 231 1
385 233 1
385 238 1
385 241 1
385 246 1
385 248 1
385 250 1
385 258 2
385 265 1
385 268 1
385 273 1
385 277 1
385 288 1
385 289 1
385 293 1
385 294 1
385 295 1
385 298 1
385 317 1
385 318 1
385 319 1
385 320 1
385 321 1
385 325 1
385 333 1
385 357 1
385 380 1
385 381 1
385 385 1
385 393 1
385 403 1
385 410 1
385 414 1
385 418 1
385 423 1
385 428 1
385 429 1
385 430 1
385 431 1
385 432 1
385 435 1
385 436 1
385 441 1
385 444 1
385 446 1
385 447 1
385 448 1
385 455 1
385 458 1
385 461 1
385 463 1
385 473 1
385 474 1
385 475 1
385 477 1
385 488 1
385 496 1
385 508 1
385 511 1
385 514 1
385 515 1
385 520 1
385 526 1
385 528 1
385 547 1
385 549 1
385 558 1
385 559 1
385 561 1
385 564 1
385 566 1
385 569 1
385 578 1
385 580 1
385 582 1
385 583 1
385 593 1
385 603 1
385 619 1
385 625 1
385 642 1
385 650 1
385 651 1
385 659 1
385 663 1
385 672 1
385 674 1
385 678 1
385 679 1
385 684 1
385 692 1
385 693 1
385 697 1
385 715 1
385 732 1
385 735 1
385 737 1
385 742 1
385 744 1
385 768 1
385 769 1
385 772 1
385 773 1
385 774 1
385 789 1
385 790 1
385 806 1
385 844 1
385 845 1
385 854 1
385 856 1
385 919 1
385 942 1
385 943 1
385 952 1
385 969 1
385 972 1
385 984 1
386 5 1
386 56 2
386 100 3
386 111 2
386 117 2
386 147 1
386 184 1
386 237 2
386 259 1
386 288 2
386 298 1
386 307 1
386 310 1
386 315 1
386 323 2
386 326 1
386 333 2
386 508 2
386 569 1
386 591 1
386 628 1
386 678 1
386 680 1
386 682 1
386 690 1
386 742 2
386 769 1
386 773 1
386 816 1
386 845 1
386 871 1
386 895 1
387 4 1
387 8 1
387 23 1
387 25 1
387 28 1
387 29 1
387 38 1
387 40 1
387 42 1
387 47 1
387 50 2
387 53 1
387 56 2
387 58 1
387 59 1
387 64 2
387 65 1
387 66 1
387 69 1
387 72 1
387 77 1
387 79 2
387 80 1
387 82 1
387 88 1
387 90 1
387 94 1
387 95 1
387 98 2
387 99 1
387 100 2
387 105 1
387 109 1
387 111 1
387 118 1
387 127 2
387 131 1
387 132 1
387 136 1
387 142 1
387 151 1
387 152 1
387 153 1
387 154 1
387 159 1
387 160 1
387 167 1
387 168 1
387 172 1
387 173 1
387 174 2
387 176 1
387 178 1
387 179 1
387 181 2
387 185 1
387 186 1
387 191 1
387 194 1
387 197 1
387 202 1
387 204 1
387 205 1
387 208 1
387 210 1
387 211 1
387 216 1
387 217 1
387 234 1
387 238 1
387 249 1
387 275 1
387 283 1
387 285 1
387 300 2
387 301 1
387 346 1
387 378 1
387 383 1
387 384 1
387 393 1
387 395 1
387 396 1
387 401 1
387 404 1
387 407 1
387 410 1
387 411 1
387 414 1
387 416 1
387 420 1
387 423 1
387 428 1
387 429 1
387 435 1
387 451 1
387 454 1
387 467 1
387 471 1
387 474 1
387 475 1
387 477 1
387 478 1
387 479 1
387 480 1
387 481 1
387 483 1
387 484 1
387 490 1
387 491 1
387 492 1
387 493 1
387 497 1
387 498 1
387 499 1
387 501 1
387 502 1
387 503 1
387 504 1
387 506 1
387 507 1
387 509 1
387 510 1
387 514 1
387 517 1
387 518 1
387 519 1
387 520 1
387 525 1
387 526 1
387 550 1
387 558 1
387 568 1
387 583 1
387 584 1
387 588 1
387 591 1
387 602 1
387 604 1
387 605 1
387 607 1
387 610 1
387 612 1
387 613 1
387 615 1
387 616 1
387 630 1
387 631 1
387 642 1
387 649 1
387 656 1
387 657 1
387 661 1
387 662 1
387 671 1
387 674 1
387 693 1
387 699 1
387 700 1
387 705 1
387 712 1
387 715 1
387 731 1
387 732 1
387 736 1
387 739 1
387 756 1
387 763 1
387 778 1
387 780 1
387 785 1
387 792 1
387 820 1
387 824 1
387 835 1
387 836 1
387 845 1
387 847 1
387 923 1
387 926 1
387 942 1
387 945 1
387 954 1
387 997 1
388 1 2
388 9 1
388 13 1
388 126 1
388 258 2
388 275 1
388 302 1
388 304 1
388 319 1
388 328 1
388 329 1
388 331 1
388 740 1
388 742 1
388 845 1
388 989 1
389 9 1
389 11 1
389 12 1
389 15 1
389 22 1
389 31 1
389 47 1
389 48 1
389 56 2
389 58 1
389 59 1
389 60 1
389 64 1
389 69 1
389 71 1
389 76 1
389 89 1
389 97 1
389 100 2
389 127 2
389 132 1
389 134 1
389 148 1
389 168 1
389 173 1
389 182 1
389 188 1
389 191 1
389 195 1
389 197 1
389 200 1
389 203 1
389 204 1
389 205 1
389 213 1
389 215 1
389 222 1
389 234 1
389 237 2
389 238 1
389 258 2
389 264 1
389 276 1
389 282 1
389 286 2
389 288 2
389 294 1
389 300 1
389 318 1
389 334 1
389 357 1
389 421 1
389 458 1
389 460 1
389 471 1
389 474 1
389 479 1
389 480 1
389 482 1
389 490 1
389 491 1
389 498 1
389 504 1
389 507 1
389 508 1
389 510 1
389 511 1
389 527 1
389 530 1
389 544 1
389 546 1
389 603 1
389 604 1
389 628 1
389 646 1
389 659 1
389 661 1
389 678 1
389 748 1
389 772 1
389 774 1
389 963 1
390 8 1
390 23 1
390 58 1
390 59 1
390 99 1
390 114 1
390 129 1
390 166 1
390 169 1
390 170 1
390 172 1
390 173 1
390 178 1
390 179 1
390 180 1
390 181 2
390 189 1
390 191 1
390 197 1
390 199 1
390 200 1
390 209 1
390 244 1
390 248 1
390 249 1
390 250 1
390 255 1
390 257 1
390 260 1
390 268 1
390 270 1
390 271 1
390 272 1
390 276 1
390 285 1
390 288 2
390 289 1
390 293 1
390 294 2
390 297 1
390 300 2
390 302 1
390 303 1
390 304 1
390 310 1
390 312 1
390 313 2
390 319 1
390 321 1
390 323 1
390 324 1
390 325 1
390 328 1
390 333 1
390 340 1
390 344 1
390 345 1
390 346 1
390 347 1
390 463 1
390 482 1
390 491 1
390 492 1
390 493 1
390 511 1
390 515 1
390 534 1
390 538 1
390 615 1
390 632 1
390 650 1
390 663 1
390 705 1
390 813 1
390 847 1
390 872 1
390 873 1
390 880 1
391 2 1
391 3 1
391 4 1
391 5 1
391 7 2
391 11 1
391 12 1
391 15 1
391 17 1
391 21 1
391 22 1
391 24 1
391 25 1
391 26 1
391 27 1
391 28 1
391 29 1
391 31 1
391 36 1
391 38 1
391 40 1
391 41 1
391 42 1
391 48 1
391 49 1
391 50 2
391 51 1
391 54 1
391 55 1
391 56 2
391 58 1
391 62 1
391 64 1
391 65 1
391 67 1
391 68 1
391 69 1
391 70 1
391 71 1
391 73 1
391 78 1
391 79 1
391 81 1
391 83 1
391 84 1
391 85 1
391 86 1
391 87 1
391 88 1
391 90 1
391 94 1
391 95 1
391 99 1
391 100 2
391 105 1
391 108 1
391 109 1
391 110 1
391 111 1
391 117 1
391 118 1
391 122 1
391 123 1
391 126 1
391 128 1
391 132 1
391 135 1
391 136 1
391 138 1
391 139 1
391 142 1
391 144 1
391 147 1
391 148 1
391 153 1
391 154 1
391 161 1
391 168 1
391 169 1
391 172 1
391 173 1
391 181 2
391 184 1
391 186 1
391 189 1
391 191 1
391 194 1
391 196 1
391 202 1
391 203 1
391 204 1
391 206 1
391 215 1
391 222 1
391 223 1
391 227 1
391 228 1
391 233 1
391 237 1
391 239 1
391 240 1
391 241 1
391 243 1
391 245 1
391 252 1
391 255 1
391 257 1
391 258 2
391 265 1
391 270 1
391 271 1
391 273 1
391 274 1
391 275 1
391 278 1
391 280 1
391 281 1
391 283 1
391 290 1
391 291 1
391 294 1
391 298 1
391 303 1
391 313 2
391 316 1
391 317 1
391 318 1
391 321 1
391 323 1
391 328 1
391 333 1
391 338 1
391 342 1
391 344 1
391 347 1
391 354 1
391 355 1
391 356 1
391 357 1
391 362 1
391 363 1
391 364 1
391 365 1
391 366 1
391 369 1
391 373 1
391 374 1
391 376 1
391 377 1
391 378 1
391 380 1
391 385 1
391 386 1
391 391 1
391 393 1
391 394 1
391 396 1
391 403 1
391 404 1
391 405 1
391 409 1
391 410 1
391 412 1
391 415 1
391 417 1
391 418 1
391 419 1
391 420 1
391 421 1
391 423 1
391 431 1
391 443 1
391 456 1
391 465 1
391 470 1
391 471 1
391 472 1
391 473 1
391 476 1
391 477 1
391 479 1
391 480 1
391 496 1
391 497 1
391 500 1
391 501 1
391 527 1
391 538 1
391 539 1
391 540 1
391 544 1
391 546 1
391 550 1
391 552 1
391 553 1
391 554 1
391 559 1
391 561 1
391 566 1
391 568 1
391 569 1
391 571 1
391 576 1
391 578 1
391 588 1
391 591 1
391 596 1
391 597 1
391 622 1
391 623 1
391 628 1
391 630 1
391 633 1
391 636 1
391 644 1
391 651 1
391 655 1
391 659 1
391 672 1
391 681 1
391 683 1
391 685 1
391 686 1
391 687 1
391 690 1
391 692 1
391 696 1
391 705 1
391 710 1
391 715 1
391 717 1
391 721 1
391 722 1
391 725 1
391 727 1
391 728 1
391 731 1
391 737 1
391 739 1
391 742 1
391 747 1
391 751 1
391 755 1
391 756 1
391 761 1
391 763 1
391 771 1
391 775 1
391 778 1
391 779 1
391 780 1
391 781 1
391 783 1
391 789 1
391 792 1
391 794 1
391 797 1
391 802 1
391 805 1
391 808 1
391 810 1
391 812 1
391 815 1
391 821 1
391 824 1
391 825 1
391 826 1
391 831 1
391 836 1
391 840 1
391 841 1
391 842 1
391 843 1
391 845 1
391 870 1
391 871 1
391 876 1
391 879 1
391 890 1
391 905 1
391 922 1
391 929 1
391 930 1
391 932 1
391 939 1
391 940 1
391 944 1
391 949 1
391 951 1
391 953 1
391 964 1
391 977 1
391 996 1
391 997 1
391 999 1
391 1000 1
392 1 2
392 7 2
392 28 2
392 31 1
392 38 1
392 39 1
392 42 1
392 56 2
392 63 1
392 68 1
392 72 1
392 73 1
392 79 2
392 84 1
392 88 1
392 96 2
392 97 2
392 98 2
392 101 1
392 117 2
392 121 2
392 128 1
392 132 2
392 144 2
392 154 1
392 156 1
392 158 1
392 161 2
392 164 1
392 172 2
392 174 2
392 179 1
392 181 3
392 184 1
392 195 2
392 208 1
392 210 2
392 216 2
392 217 1
392 218 1
392 222 2
392 226 1
392 227 1
392 229 1
392 230 2
392 232 1
392 233 1
392 238 2
392 250 1
392 257 2
392 265 2
392 282 2
392 288 2
392 313 2
392 364 1
392 383 1
392 385 2
392 386 1
392 411 1
392 416 1
392 419 1
392 423 2
392 433 2
392 449 1
392 450 1
392 455 1
392 496 2
392 508 2
392 540 1
392 541 1
392 550 1
392 552 1
392 554 1
392 559 1
392 561 1
392 568 2
392 576 1
392 578 1
392 597 2
392 655 2
392 658 1
392 665 1
392 679 1
392 746 1
392 763 1
392 771 1
392 773 1
392 780 1
392 797 1
392 802 1
392 979 1
393 1 2
393 50 2
393 64 2
393 89 1
393 97 1
393 98 2
393 100 2
393 121 2
393 151 1
393 154 1
393 174 2
393 186 1
393 196 1
393 210 1
393 216 1
393 237 2
393 252 1
393 255 1
393 257 1
393 273 1
393 313 2
393 315 1
393 328 1
393 342 1
393 343 1
393 423 1
393 458 1
393 472 1
393 632 1
393 739 1
393 892 1
393 924 1
394 1 1
394 9 1
394 25 1
394 100 2
394 106 1
394 117 1
394 121 1
394 125 1
394 222 1
394 237 1
394 245 1
394 260 1
394 274 1
394 291 1
394 300 1
394 322 1
394 328 1
394 329 1
394 333 1
394 405 1
394 455 1
394 471 1
394 591 1
394 619 1
394 678 1
394 717 1
394 751 1
394 840 1
394 930 1
394 977 1
394 986 1
395 7 2
395 8 1
395 23 1
395 56 2
395 95 1
395 100 2
395 108 1
395 109 1
395 117 1
395 127 2
395 134 1
395 135 1
395 156 1
395 171 1
395 172 1
395 174 2
395 177 1
395 178 1
395 181 2
395 183 1
395 192 1
395 194 1
395 197 1
395 210 1
395 221 1
395 223 1
395 261 1
395 268 1
395 286 2
395 288 2
395 302 1
395 313 2
395 318 1
395 322 1
395 324 1
395 325 1
395 327 1
395 334 1
395 338 1
395 340 1
395 345 1
395 346 1
395 390 1
395 423 1
395 457 1
395 475 1
395 479 1
395 483 1
395 498 1
395 513 1
395 588 1
395 615 1
395 641 1
395 657 1
395 680 1
395 705 1
395 748 1
395 751 1
395 853 1
395 855 1
395 878 1
395 894 1
395 896 1
395 988 1
395 989 1
395 991 1
396 4 1
396 12 1
396 13 1
396 15 1
396 25 1
396 28 1
396 31 1
396 47 1
396 49 1
396 50 2
396 56 2
396 58 1
396 63 1
396 64 1
396 65 1
396 66 1
396 69 1
396 70 1
396 72 1
396 73 1
396 82 1
396 85 1
396 88 1
396 94 1
396 95 1
396 117 1
396 124 1
396 125 1
396 126 1
396 127 2
396 144 1
396 152 1
396 154 1
396 159 1
396 162 1
396 163 1
396 167 1
396 168 1
396 172 1
396 173 1
396 174 1
396 178 1
396 181 2
396 182 1
396 183 1
396 186 1
396 191 1
396 194 1
396 196 1
396 197 1
396 199 1
396 202 1
396 203 1
396 204 1
396 205 1
396 211 1
396 216 1
396 227 1
396 228 1
396 229 1
396 230 1
396 234 1
396 235 1
396 239 1
396 274 1
396 276 1
396 284 1
396 357 1
396 385 1
396 393 1
396 399 1
396 403 1
396 414 1
396 417 1
396 423 1
396 429 1
396 430 1
396 432 1
396 435 1
396 474 1
396 476 1
396 479 1
396 480 1
396 481 1
396 485 1
396 491 1
396 493 1
396 494 1
396 495 1
396 496 1
396 497 1
396 498 1
396 501 1
396 502 1
396 504 1
396 510 1
396 514 1
396 519 1
396 520 1
396 521 1
396 525 1
396 588 1
396 589 1
396 591 1
396 602 1
396 648 1
396 654 1
396 663 1
396 692 1
396 700 1
396 710 1
396 715 1
396 732 1
396 735 1
396 737 1
396 756 1
396 796 1
396 953 1
396 969 1
396 991 1
396 993 1
397 2 1
397 5 1
397 8 1
397 9 1
397 15 1
397 22 1
397 26 1
397 31 1
397 33 1
397 38 1
397 41 1
397 42 1
397 48 1
397 53 1
397 55 1
397 56 1
397 57 1
397 58 1
397 62 1
397 63 1
397 66 1
397 67 1
397 68 1
397 69 1
397 71 1
397 72 1
397 73 1
397 77 1
397 79 1
397 80 1
397 84 1
397 91 1
397 94 1
397 95 1
397 97 1
397 98 1
397 99 1
397 102 1
397 110 1
397 114 1
397 117 1
397 118 1
397 121 1
397 127 1
397 128 1
397 132 1
397 140 1
397 143 1
397 144 1
397 147 1
397 148 1
397 153 1
397 154 1
397 155 1
397 156 1
397 157 1
397 161 1
397 164 1
397 172 1
397 173 1
397 174 1
397 175 1
397 179 1
397 180 1
397 181 1
397 186 1
397 187 1
397 188 1
397 195 1
397 196 1
397 203 1
397 204 1
397 210 1
397 214 1
397 215 1
397 219 1
397 223 1
397 226 1
397 227 1
397 228 1
397 229 1
397 230 1
397 231 1
397 233 1
397 234 1
397 237 1
397 238 1
397 239 1
397 241 1
397 264 1
397 265 1
397 268 1
397 273 1
397 274 1
397 276 1
397 282 1
397 284 1
397 288 1
397 289 1
397 291 1
397 295 1
397 301 1
397 307 1
397 318 1
397 323 1
397 332 1
397 338 1
397 340 1
397 364 1
397 372 1
397 378 1
397 382 1
397 383 1
397 384 1
397 385 1
397 386 1
397 388 1
397 389 1
397 393 1
397 399 1
397 400 1
397 401 1
397 402 1
397 403 1
397 405 1
397 407 1
397 412 1
397 413 1
397 418 1
397 420 1
397 423 1
397 431 1
397 432 1
397 436 1
397 444 1
397 450 1
397 451 1
397 452 1
397 454 1
397 455 1
397 459 1
397 470 1
397 471 1
397 475 1
397 486 1
397 496 1
397 501 1
397 506 1
397 508 1
397 527 1
397 531 1
397 542 1
397 543 1
397 544 1
397 546 1
397 549 1
397 550 1
397 551 1
397 554 1
397 559 1
397 564 1
397 566 1
397 568 1
397 575 1
397 576 1
397 578 1
397 582 1
397 587 1
397 588 1
397 591 1
397 597 1
397 616 1
397 622 1
397 628 1
397 633 1
397 651 1
397 655 1
397 673 1
397 679 1
397 684 1
397 693 1
397 697 1
397 710 1
397 720 1
397 722 1
397 727 1
397 732 1
397 735 1
397 738 1
397 742 1
397 744 1
397 747 1
397 754 1
397 755 1
397 760 1
397 763 1
397 768 1
397 769 1
397 772 1
397 774 1
397 779 1
397 781 1
397 806 1
397 809 1
397 813 1
397 817 1
397 824 1
397 825 1
397 826 1
397 845 1
397 924 1
397 926 1
397 928 1
397 941 1
397 946 1
397 959 1
397 969 1
397 975 1
397 977 1
397 986 1
398 258 2
398 286 2
398 288 1
398 294 1
398 300 1
398 304 1
398 332 1
398 689 1
398 690 1
399 9 1
399 11 1
399 13 1
399 14 1
399 25 1
399 26 1
399 44 1
399 50 1
399 64 1
399 65 1
399 69 1
399 70 1
399 71 1
399 83 1
399 97 1
399 100 1
399 117 1
399 127 1
399 133 1
399 135 1
399 143 1
399 144 1
399 147 1
399 151 1
399 153 1
399 154 1
399 157 1
399 161 1
399 162 1
399 172 1
399 173 1
399 174 1
399 181 1
399 194 1
399 196 1
399 197 1
399 198 1
399 199 1
399 202 1
399 204 1
399 210 1
399 225 1
399 248 1
399 257 1
399 272 1
399 273 1
399 275 1
399 276 1
399 280 1
399 282 1
399 294 1
399 302 1
399 312 1
399 315 1
399 316 1
399 321 1
399 322 1
399 328 1
399 342 1
399 356 1
399 357 1
399 365 1
399 371 1
399 385 1
399 404 1
399 430 1
399 435 1
399 451 1
399 462 1
399 471 1
399 473 1
399 477 1
399 478 1
399 481 1
399 483 1
399 485 1
399 486 1
399 493 1
399 499 1
399 501 1
399 507 1
399 508 1
399 509 1
399 511 1
399 515 1
399 519 1
399 520 1
399 527 1
399 528 1
399 535 1
399 553 1
399 566 1
399 582 1
399 588 1
399 603 1
399 604 1
399 609 1
399 630 1
399 632 1
399 638 1
399 651 1
399 654 1
399 655 1
399 659 1
399 661 1
399 684 1
399 707 1
399 724 1
399 735 1
399 748 1
399 762 1
399 815 1
399 866 1
399 892 1
400 7 2
400 9 2
400 10 1
400 12 2
400 13 1
400 16 1
400 19 1
400 25 2
400 42 1
400 50 3
400 111 2
400 116 1
400 117 2
400 124 1
400 126 1
400 127 2
400 135 2
400 151 2
400 182 1
400 204 2
400 235 1
400 237 2
400 245 1
400 255 1
400 257 1
400 273 1
400 276 2
400 286 2
400 455 1
400 471 1
400 475 1
400 476 1
400 479 1
400 480 1
400 483 2
400 511 1
400 515 1
400 529 1
400 628 1
400 696 1
400 864 1